10	10	10	10	15	33	33	74	98	98	101	128	141	141	160	174	174	188	190	193	
10	10	10	10	15	33	33	74	98	98	101	128	141	141	160	174	174	188	190	193	
7	7	7	7	7	31	31	31	80	93	137	188	195	195	195	195	201	201	201	201	
15	15	15	15	26	59	80	87	87	125	130	130	134	140	140	140	140	154	154	154	
9	9	9	34	63	63	63	63	63	69	69	69	85	85	108	150	159	165	172	174	
7	7	7	7	7	7	14	60	93	99	111	140	140	140	140	146	154	154	154	158	
13	13	13	13	13	20	20	85	110	110	128	128	139	155	155	155	159	159	167	170	
10	17	17	17	17	17	17	55	65	65	94	98	114	116	119	125	129	134	141	141	
17	17	17	17	46	62	93	93	110	110	110	155	170	173	173	173	173	185	185	193	
12	12	12	12	41	63	63	103	103	113	113	115	127	143	171	181	181	188	188	188	
13	13	13	40	40	40	69	69	69	69	69	118	152	158	158	167	190	207	207	207	
17	17	17	17	17	46	93	118	137	137	144	144	172	172	172	172	192	192	192	197	
6	6	6	6	6	18	24	78	78	78	107	109	157	157	157	163	163	174	179	179	
8	8	8	8	8	30	50	56	56	80	115	144	144	144	144	144	148	148	148	150	
13	13	13	37	44	44	48	63	92	94	146	146	152	152	154	154	161	171	171	171	
8	8	8	8	8	8	8	35	64	64	64	83	83	83	99	117	123	123	123	123	
12	12	12	12	12	12	41	41	41	83	116	124	130	158	158	158	158	190	194	197	
5	5	5	36	66	73	85	85	98	105	110	110	116	126	126	126	138	178	178	188	
15	15	15	15	15	44	68	68	68	77	77	119	143	153	185	185	194	194	194	194	
9	9	9	9	38	68	92	104	104	104	104	124	153	153	161	165	171	176	184	184	
11	11	11	17	17	46	46	46	46	46	84	84	95	135	135	158	176	176	178	178	
11	11	11	11	16	16	42	81	81	86	102	114	114	127	146	175	175	175	175	175	
2	2	2	2	2	8	45	45	96	107	107	129	129	135	146	146	146	149	160	170	
14	14	14	14	14	45	105	123	138	152	164	172	172	172	172	172	172	172	178	178	
7	7	7	7	7	7	7	31	66	66	88	88	135	135	144	148	159	179	179	179	
5	5	5	17	17	50	50	69	69	76	81	81	81	81	95	102	108	132	132	132	
13	13	13	13	42	42	66	138	142	157	157	157	166	184	184	184	184	184	188	188	
10	10	10	10	39	39	59	83	83	107	107	124	136	148	184	186	188	191	191	206	
8	8	8	8	18	27	56	70	118	125	129	147	147	179	179	181	186	186	186	186	
10	10	10	49	49	49	51	65	121	125	131	155	166	170	170	170	184	184	184	187	
12	12	12	34	34	55	84	113	118	121	138	138	142	147	147	153	153	153	153	153	
6	6	13	37	37	52	79	79	79	98	98	98	98	135	137	169	169	171	181	181	
9	9	9	9	9	9	28	28	73	73	98	98	98	127	142	164	164	164	168	175	
14	14	14	35	55	55	55	84	113	113	119	140	140	140	143	152	152	189	189	189	
12	12	12	12	12	12	41	41	65	65	70	118	118	118	118	169	169	176	178	178	
15	15	15	15	44	44	44	44	114	114	143	155	158	162	162	162	166	168	168	168	
7	7	7	11	79	79	79	79	79	100	100	124	145	145	145	154	158	158	158	174	
1	1	8	8	8	8	8	8	60	60	89	89	89	104	104	118	133	149	155	155	
7	7	7	7	7	7	7	32	32	61	100	100	100	100	113	113	113	113	113	113	
14	14	43	56	83	83	110	110	110	113	121	132	165	169	169	169	169	180	186	186	
14	14	14	14	22	52	56	119	119	150	155	155	155	178	178	178	183	183	186	186	
4	4	4	4	4	19	50	50	50	83	83	87	87	105	105	105	105	105	119	165	
17	17	17	17	17	17	17	38	57	70	73	113	145	151	155	161	170	170	178	207	
5	5	11	18	66	66	66	80	100	100	119	154	154	166	188	188	188	188	199	199	
8	8	8	8	8	8	8	8	36	112	135	153	157	164	164	168	168	180	180	180	
13	13	13	42	57	86	96	119	119	135	143	143	151	154	154	154	154	154	154	154	
9	9	9	9	9	9	9	9	38	67	75	115	120	120	133	139	164	168	175	175	
12	12	12	12	83	83	83	83	83	83	87	87	101	101	117	124	132	132	164	170	
11	11	11	11	11	11	11	75	102	112	128	156	159	159	162	162	172	178	187	201	
4	4	4	26	26	55	55	55	69	87	87	103	119	119	126	146	155	155	187	198	
12	12	12	12	84	84	84	135	176	185	226	260	260	265	280	280	280	280	280	288	
12	12	12	12	84	84	84	135	176	185	226	260	260	265	280	280	280	280	280	288	
5	5	16	16	16	16	26	26	42	179	179	179	186	186	186	186	207	231	234	240	
20	20	20	20	20	20	20	20	20	20	53	184	200	200	277	277	277	283	283	283	
7	7	7	7	50	60	60	72	72	104	133	156	234	244	244	248	274	280	291	291	
5	5	5	5	48	48	48	76	94	94	114	171	180	197	197	217	241	271	271	271	
14	14	14	14	14	14	14	14	14	14	172	172	213	221	221	221	228	271	271	278	
16	16	16	16	16	16	61	73	88	88	153	153	217	248	248	248	248	248	248	251	
17	17	17	17	17	62	142	142	142	142	154	168	168	194	205	221	258	258	266	277	
6	6	6	6	51	71	103	121	126	153	153	198	198	254	254	284	313	313	313	313	
13	13	13	13	13	13	13	13	95	143	143	163	201	201	203	225	225	241	241	253	
5	5	32	32	61	61	61	107	125	181	181	181	195	222	229	234	243	243	265	265	
8	18	18	18	34	135	166	166	166	166	214	214	222	243	243	265	293	293	293	305	
19	19	19	70	70	111	111	152	152	173	173	202	202	202	202	202	240	240	246	248	
18	18	18	18	86	86	102	166	166	239	253	253	253	269	295	295	300	300	300	300	
13	13	13	13	54	54	54	132	132	132	158	158	193	204	204	261	261	261	261	271	
18	18	18	18	42	42	115	129	132	132	132	132	132	138	149	149	149	154	154	227	
13	13	13	13	13	82	82	82	140	140	140	157	191	191	194	219	237	237	261	261	
15	15	15	15	15	15	15	15	15	71	138	145	198	198	206	250	250	250	273	273	
12	12	34	34	34	77	120	120	120	182	200	243	243	248	270	310	310	313	313	313	
16	16	16	16	16	59	66	66	107	161	172	172	196	241	244	244	262	269	274	274	
16	59	59	59	59	59	130	165	238	242	249	254	254	258	287	298	311	325	335	335	
10	10	53	53	53	69	103	105	148	148	148	148	180	200	218	220	220	229	260	268	
17	17	17	17	17	60	92	180	184	226	226	256	261	261	261	264	264	296	302	302	
18	18	18	54	54	54	54	54	109	144	155	155	158	207	207	207	212	212	244	258	
17	17	17	17	17	22	136	148	186	199	201	201	201	211	211	213	225	230	268	268	
14	14	14	14	14	48	69	133	178	178	197	220	220	220	255	264	275	275	280	280	
6	6	6	51	89	101	135	144	144	174	190	269	275	275	275	275	275	275	287	287	
15	15	15	15	15	85	108	108	153	189	189	189	198	248	251	279	279	317	328	328	
13	13	13	13	60	126	170	170	201	226	237	237	239	242	304	304	304	304	315	327	
18	18	18	18	18	18	50	114	137	210	237	237	237	245	245	245	245	245	252	252	
18	18	18	18	51	109	109	109	134	134	147	176	255	255	255	287	287	302	302	313	
12	12	12	12	37	46	46	73	162	162	220	220	220	220	256	267	299	307	313	345	
15	15	58	62	62	102	102	102	102	102	145	231	237	267	267	281	285	285	292	292	
12	12	12	53	53	76	105	156	166	166	184	184	184	224	224	224	238	238	244	244	
18	18	59	89	117	177	177	180	180	180	183	211	244	248	258	278	280	280	280	280	
13	13	13	13	71	118	159	159	173	176	223	223	223	242	242	287	291	291	291	301	
14	14	14	14	14	146	251	276	283	294	300	314	330	330	330	345	351	356	358	369	
13	13	13	13	163	163	163	186	186	186	195	204	204	216	216	230	252	257	260	260	
6	6	6	6	91	93	93	93	98	98	141	147	158	226	233	251	251	251	279	281	
13	13	13	13	13	13	13	13	13	95	95	147	201	242	242	242	242	248	255	255	
13	13	13	43	77	152	152	161	161	205	205	210	210	218	241	241	269	269	273	284	
17	17	17	17	17	63	63	75	154	165	185	185	194	194	203	203	212	254	268	276	
14	14	14	14	14	90	161	161	161	186	186	186	186	192	192	212	212	232	232	239	
19	19	19	47	47	120	178	188	188	188	188	190	203	203	203	208	208	237	237	237	
25	25	25	25	25	68	131	157	173	183	187	220	224	233	238	238	242	242	246	268	
16	16	16	16	16	48	48	106	149	181	222	222	244	244	244	244	244	275	275	275	
2	11	11	11	11	11	11	11	41	41	153	166	166	173	173	173	196	248	266	300	
17	17	17	17	55	55	105	163	185	185	188	263	269	283	283	283	283	283	283	283	
13	13	13	13	56	56	56	56	188	205	215	215	229	247	247	294	298	298	298	303	
