
 the averaged values of numLoops experiments are:
average_CCC(size>1) = 9.71226
average_CCC(size>=1) = 9.74854
86.3977
number_clusters = 39.8824

8.93486

0.44447

0.239803
0.251974
3.09188
3449.29
107.155
0
5.73529
9.47059
14.2941
12.8235
13.5294
14.2941
17.9118
12.2353
10.5882
15.5882
10.6765
8.82353
9.55882
8.64706
6.17647
6.58824
6.5
4.76471
5.02941
4.11765
2.47059
6.47059
2.70588
5.64706
0.735294
3.82353
8.73529
4.94118
5.11765
5.29412
3.64706
2.82353
2.91176
3
1.02941
7.41176
4.35294
5.58824
2.29412
5.88235
8.44118
8.64706
17.7059
16.8235
10.5882
6.76471
1.38235
1.41176

