
void computeDistance() is OK

xxxxx
xxxxx
xxxxx
the number of all nodes involved is 149
the sum of ai on all nodes after phaseI is 10000000
formed clusters after phase I is: 
3	4	6	15	16	24	5	
7	8	18	19	9	
33	34	36	43	44	45	35	
30	31	41	50	60	40	
41	43	51	52	53	61	42	
55	56	62	63	64	65	54	
39	48	49	58	68	69	59	
67	78	86	87	88	97	77	
68	69	78	88	89	79	
74	82	83	85	93	94	84	
80	81	82	91	92	90	
89	98	99	
1	2	11	13	21	22	12	
14	15	16	23	24	26	25	
20	21	22	23	30	33	32	
36	37	39	47	48	49	38	
27	36	37	47	48	57	46	
61	62	71	72	80	81	70	
82	83	85	93	94	73	
65	66	74	76	85	94	75	
1	2	10	11	20	0	
7	8	17	18	19	28	29	
86	87	94	96	97	95	
formed clusters after phase II is: 
3	4	6	15	16	24	5	
7	8	18	19	9	
34	44	45	35	
31	41	50	60	40	
43	51	52	53	42	
55	56	63	64	54	
39	48	49	58	68	69	59	
67	78	88	77	
89	79	
84	
91	92	90	
98	99	
13	21	22	12	
14	26	25	
20	23	30	33	32	
37	47	38	
27	36	57	46	
61	62	71	72	80	81	70	
82	83	93	73	
65	66	74	76	85	94	75	
1	2	10	11	0	
17	28	29	
86	87	96	97	95	
Now, after clarification, the number of all nodes involved is 100
-----------------1---------------
--------------2-------------------
--------------3-------------------
--------------3-------------------
--------------3-------------------
seed is 0

void computeDistance() is OK

xxxxx
xxxxx
xxxxx
the number of all nodes involved is 149
the sum of ai on all nodes after phaseI is 10000000
formed clusters after phase I is: 
3	4	6	15	16	24	5	
7	8	18	19	9	
33	34	36	43	44	45	35	
30	31	41	50	60	40	
41	43	51	52	53	61	42	
55	56	62	63	64	65	54	
39	48	49	58	68	69	59	
67	78	86	87	88	97	77	
68	69	78	88	89	79	
74	82	83	85	93	94	84	
80	81	82	91	92	90	
89	98	99	
1	2	11	13	21	22	12	
14	15	16	23	24	26	25	
20	21	22	23	30	33	32	
36	37	39	47	48	49	38	
27	36	37	47	48	57	46	
61	62	71	72	80	81	70	
82	83	85	93	94	73	
65	66	74	76	85	94	75	
1	2	10	11	20	0	
7	8	17	18	19	28	29	
86	87	94	96	97	95	
formed clusters after phase II is: 
3	4	6	15	16	24	5	
7	8	18	19	9	
34	44	45	35	
31	50	60	40	
41	43	51	52	53	61	42	
55	56	62	63	64	65	54	
49	58	69	59	
67	77	
68	78	88	89	79	
74	82	83	85	93	94	84	
91	92	90	
98	99	
13	21	22	12	
14	26	25	
20	23	30	33	32	
39	38	
27	36	37	47	48	57	46	
71	72	80	81	70	
73	
66	76	75	
1	2	10	11	0	
17	28	29	
86	87	96	97	95	
Now, after clarification, the number of all nodes involved is 100
-----------------1---------------
--------------2-------------------
--------------3-------------------
--------------3-------------------
--------------3-------------------
seed is 1

void computeDistance() is OK

xxxxx
xxxxx
xxxxx
xxxxx
xxxxx
the number of all nodes involved is 145
the sum of ai on all nodes after phaseI is 10000000
formed clusters after phase I is: 
4	5	7	15	16	6	
7	9	18	19	29	8	
0	1	11	20	21	10	
17	26	27	37	46	47	36	
27	28	29	39	49	58	38	
46	47	55	56	57	65	45	
50	51	61	70	60	
49	59	67	68	78	79	69	
86	87	95	96	98	97	
87	88	89	98	99	
2	4	12	13	14	22	3	
23	24	26	34	35	44	25	
30	31	41	50	51	40	
47	49	56	57	58	59	48	
41	42	52	63	64	72	62	
70	71	81	90	91	92	80	
41	42	44	52	53	54	43	
71	72	82	83	84	93	73	
23	24	32	34	35	44	33	
66	75	76	84	85	86	74	
84	85	86	93	95	96	94	
85	86	87	88	96	98	77	
formed clusters after phase II is: 
4	5	7	15	16	6	
9	18	19	29	8	
0	1	11	20	21	10	
17	37	36	
27	28	39	38	
46	55	65	45	
51	61	70	60	
49	59	67	68	78	79	69	
96	97	
87	88	89	98	99	
2	12	13	14	22	3	
26	25	
30	31	41	50	40	
47	56	57	58	48	
63	64	62	
81	90	91	92	80	
42	52	53	54	43	
71	72	82	83	93	73	
23	24	32	34	35	44	33	
66	75	76	74	
84	95	94	
85	86	77	
Now, after clarification, the number of all nodes involved is 100
-----------------1---------------
--------------2-------------------
--------------3-------------------
--------------3-------------------
--------------3-------------------
seed is 2

void computeDistance() is OK

xxxxx
xxxxx
xxxxx
xxxxx
xxxxx
the number of all nodes involved is 169
the sum of ai on all nodes after phaseI is 10000000
formed clusters after phase I is: 
7	8	18	19	9	
3	4	12	13	23	
30	31	41	50	40	
49	55	56	57	58	66	47	
65	73	74	75	84	85	64	
59	68	78	79	89	69	
70	80	81	91	90	
82	83	84	92	94	95	93	
78	87	88	89	97	98	99	
0	2	10	11	12	1	
21	30	31	32	41	42	22	
34	35	41	42	43	44	33	
50	61	70	80	81	60	
76	77	78	79	87	88	67	
84	85	86	94	95	97	96	
0	10	11	21	30	31	20	
34	35	43	44	45	24	
48	55	56	57	58	66	46	
52	54	62	63	73	53	
5	13	15	16	25	26	14	
27	28	37	39	49	58	38	
41	42	50	52	61	62	51	
62	63	71	80	81	82	72	
5	7	8	15	16	17	6	
7	18	19	27	28	39	29	
15	16	25	26	27	37	36	
formed clusters after phase II is: 
9	
3	4	12	13	23	
40	
47	
65	73	74	75	64	
59	68	89	69	
91	90	
83	92	93	
98	99	
0	2	10	1	
31	32	22	
33	
70	80	81	60	
76	77	78	79	87	88	67	
84	85	86	94	95	97	96	
11	21	30	20	
34	35	43	44	45	24	
48	55	56	57	66	46	
54	63	53	
15	25	14	
28	49	58	38	
41	42	50	52	61	62	51	
71	82	72	
5	7	8	16	17	6	
18	19	39	29	
26	27	37	36	
Now, after clarification, the number of all nodes involved is 100
-----------------1---------------
--------------2-------------------
--------------3-------------------
--------------3-------------------
--------------3-------------------
seed is 3

void computeDistance() is OK

xxxxx
xxxxx
xxxxx
xxxxx
xxxxx
the number of all nodes involved is 163
the sum of ai on all nodes after phaseI is 10000000
formed clusters after phase I is: 
7	8	18	19	9	
3	4	11	12	22	23	13	
4	5	15	16	24	25	14	
69	77	78	88	89	98	79	
80	81	91	90	
84	85	86	93	94	96	95	
87	88	89	98	99	
1	3	4	11	12	2	
5	7	8	15	16	17	6	
35	45	54	55	56	44	
51	60	61	71	80	81	70	
78	86	87	88	96	98	97	
1	10	11	20	0	
32	33	42	52	53	54	43	
45	47	48	55	56	57	46	
65	67	76	77	85	86	66	
63	64	73	74	84	85	75	
11	12	20	30	31	33	21	
35	36	37	45	47	26	
39	48	49	59	68	69	58	
63	71	72	73	81	82	62	
81	82	83	84	91	93	92	
7	28	36	37	38	48	27	
18	19	38	39	48	49	29	
30	31	41	50	51	60	40	
formed clusters after phase II is: 
18	19	9	
22	23	13	
15	16	24	25	14	
69	79	
91	90	
85	94	95	
89	99	
1	3	4	2	
5	7	8	17	6	
44	
61	71	80	81	70	
78	87	88	96	98	97	
10	20	0	
32	33	42	52	53	54	43	
55	56	57	46	
65	67	76	77	86	66	
64	74	75	
11	12	31	21	
35	45	47	26	
59	68	58	
63	72	73	62	
82	83	84	93	92	
28	36	37	27	
38	39	48	49	29	
30	41	50	51	60	40	
Now, after clarification, the number of all nodes involved is 99
-----------------1---------------
--------------2-------------------
--------------3-------------------
--------------3-------------------
--------------3-------------------
seed is 4

void computeDistance() is OK

xxxxx
xxxxx
xxxxx
xxxxx
xxxxx
the number of all nodes involved is 150
the sum of ai on all nodes after phaseI is 10000000
formed clusters after phase I is: 
1	10	11	0	
8	18	19	9	
18	19	28	37	38	39	29	
68	69	78	89	79	
82	83	90	91	93	92	
84	85	93	95	96	94	
3	5	6	15	16	4	
3	12	23	13	
26	27	36	44	45	46	35	
44	45	46	52	53	55	54	
52	53	62	71	72	73	63	
87	88	89	97	98	99	
1	3	10	11	12	2	
6	8	16	17	18	26	7	
17	26	27	36	45	25	
31	32	41	42	52	53	43	
58	66	67	68	76	77	56	
30	31	32	41	42	22	
40	41	42	51	60	61	50	
37	46	47	48	49	58	57	
75	83	84	85	86	95	74	
10	11	12	20	30	31	21	
48	49	58	67	68	69	59	
60	61	80	81	90	91	70	
formed clusters after phase II is: 
10	0	
8	9	
19	28	37	38	39	29	
78	89	79	
82	91	93	92	
95	96	94	
5	15	4	
3	23	13	
35	
44	55	54	
52	53	62	71	72	73	63	
87	88	97	98	99	
1	11	2	
6	16	17	18	26	7	
27	36	45	25	
43	
66	76	77	56	
32	22	
40	41	42	51	60	61	50	
46	47	57	
75	83	84	85	86	74	
12	20	30	31	21	
48	49	58	67	68	69	59	
80	81	90	70	
Now, after clarification, the number of all nodes involved is 94
-----------------1---------------
--------------2-------------------
--------------3-------------------
--------------3-------------------
--------------3-------------------
seed is 5

void computeDistance() is OK

xxxxx
xxxxx
xxxxx
xxxxx
xxxxx
xxxxx
the number of all nodes involved is 147
the sum of ai on all nodes after phaseI is 10000000
formed clusters after phase I is: 
1	2	10	11	12	0	
3	5	6	14	15	4	
5	6	8	16	17	18	7	
8	17	18	19	29	9	
30	31	41	50	51	40	
33	41	43	44	52	53	42	
51	61	62	70	71	80	60	
75	83	85	93	94	95	84	
80	81	91	90	
81	82	83	91	93	92	
79	88	89	98	99	
1	10	11	12	21	31	20	
12	13	22	23	31	44	32	
58	66	67	68	77	57	
72	74	81	82	83	73	
85	86	87	94	95	97	96	
49	58	59	67	68	69	47	
54	63	64	74	75	76	65	
24	34	35	54	64	45	
38	39	49	58	59	48	
69	77	79	88	89	98	78	
17	26	27	28	36	38	37	
14	15	23	24	34	35	25	
formed clusters after phase II is: 
1	2	10	12	0	
3	14	15	4	
5	6	8	16	17	18	7	
19	29	9	
30	31	41	50	40	
33	43	44	52	53	42	
51	61	62	70	71	60	
75	84	
80	81	91	90	
82	83	93	92	
89	98	99	
11	21	20	
13	22	23	32	
66	57	
72	73	
85	86	87	94	95	97	96	
67	68	47	
63	64	74	76	65	
54	45	
38	39	49	58	59	48	
69	77	79	88	78	
26	27	28	36	37	
24	34	35	25	
Now, after clarification, the number of all nodes involved is 97
-----------------1---------------
--------------2-------------------
--------------3-------------------
--------------3-------------------
--------------3-------------------
seed is 6

void computeDistance() is OK

xxxxx
xxxxx
xxxxx
xxxxx
xxxxx
xxxxx
the number of all nodes involved is 152
the sum of ai on all nodes after phaseI is 10000000
formed clusters after phase I is: 
7	9	17	18	8	
0	1	11	20	30	10	
23	31	33	41	42	43	32	
23	24	25	34	35	
39	48	58	59	69	49	
40	41	51	60	50	
71	80	90	70	
81	82	83	91	93	94	92	
84	85	86	94	96	97	95	
9	17	18	28	29	39	19	
20	22	30	31	40	41	21	
36	46	54	55	45	
53	60	61	62	63	72	52	
26	27	28	29	36	38	37	
33	34	42	43	53	64	44	
53	54	64	74	75	77	65	
75	76	77	85	86	87	66	
6	7	15	17	36	16	
58	59	68	69	77	78	57	
72	74	82	83	84	93	73	
4	6	13	14	15	5	
69	78	87	88	89	99	79	
1	2	4	12	13	14	3	
87	88	89	97	99	98	
formed clusters after phase II is: 
7	9	17	8	
0	1	11	10	
23	32	
24	25	35	
48	49	
40	51	60	50	
71	80	90	70	
81	82	83	91	93	94	92	
85	86	96	95	
18	28	29	39	19	
20	22	30	31	41	21	
46	54	55	45	
61	62	63	52	
26	27	36	38	37	
33	34	42	43	53	64	44	
65	
75	76	66	
6	16	
58	59	68	69	77	57	
72	74	84	73	
4	13	14	15	5	
78	79	
2	12	3	
87	88	89	97	99	98	
Now, after clarification, the number of all nodes involved is 97
-----------------1---------------
--------------2-------------------
--------------3-------------------
--------------3-------------------
--------------3-------------------
seed is 7

void computeDistance() is OK

xxxxx
xxxxx
xxxxx
xxxxx
xxxxx
xxxxx
the number of all nodes involved is 163
the sum of ai on all nodes after phaseI is 10000000
formed clusters after phase I is: 
1	2	10	11	12	20	0	
6	8	17	18	26	27	7	
8	18	19	9	
20	21	31	32	40	41	30	
38	39	48	58	59	69	49	
40	41	52	60	61	62	50	
80	81	82	90	91	93	92	
74	83	84	93	95	96	94	
78	88	89	97	98	99	
18	19	27	28	38	39	29	
32	33	41	42	52	53	43	
34	35	36	45	46	55	44	
59	68	69	78	88	89	79	
4	13	14	15	25	35	24	
36	37	38	39	48	58	47	
41	52	60	61	62	51	
53	62	64	72	73	74	63	
3	11	12	21	22	33	23	
66	74	75	76	77	85	65	
70	80	81	82	90	91	71	
6	13	14	15	16	25	5	
58	66	67	75	76	77	56	
85	87	95	96	97	98	86	
66	67	68	75	76	77	57	
formed clusters after phase II is: 
1	2	10	11	12	20	0	
17	26	27	7	
8	18	19	9	
31	30	
48	58	59	49	
40	41	60	50	
80	81	82	90	91	93	92	
74	83	84	94	
99	
28	38	39	29	
32	42	53	43	
34	45	46	55	44	
68	69	78	88	89	79	
4	13	35	24	
36	37	47	
52	61	51	
62	64	72	73	63	
3	21	22	33	23	
85	65	
70	71	
6	14	15	16	25	5	
56	
87	95	96	97	98	86	
66	67	75	76	77	57	
Now, after clarification, the number of all nodes involved is 99
-----------------1---------------
--------------2-------------------
--------------3-------------------
--------------3-------------------
--------------3-------------------
seed is 8

void computeDistance() is OK

xxxxx
xxxxx
xxxxx
xxxxx
xxxxx
the number of all nodes involved is 168
the sum of ai on all nodes after phaseI is 10000000
formed clusters after phase I is: 
1	2	10	11	0	
2	4	12	13	14	24	3	
4	6	7	15	16	5	
8	19	9	
19	28	38	39	48	49	29	
40	41	51	60	61	50	
48	49	57	58	68	69	59	
60	71	80	81	90	70	
83	84	85	93	95	96	94	
88	89	98	99	
20	30	32	40	41	42	31	
35	44	46	47	54	55	45	
52	53	54	61	62	73	63	
69	77	78	88	89	98	79	
15	16	25	26	46	47	36	
61	62	71	80	81	91	72	
66	75	76	83	84	85	74	
83	84	91	92	93	82	
26	28	37	38	47	48	27	
23	24	32	33	44	54	34	
67	75	76	85	86	65	
86	87	88	95	96	98	97	
7	8	15	16	18	19	17	
20	22	23	30	32	33	21	
44	51	52	53	54	61	43	
47	48	57	66	67	76	56	
formed clusters after phase II is: 
1	10	11	0	
2	12	13	14	24	3	
4	6	7	5	
8	19	9	
28	38	39	48	49	29	
60	50	
58	68	59	
90	70	
85	94	
99	
40	41	42	31	
35	55	45	
73	63	
69	77	78	88	89	98	79	
25	46	36	
61	62	71	80	81	72	
74	
83	84	91	92	93	82	
26	37	27	
34	
75	65	
86	87	95	96	97	
15	16	18	17	
20	22	23	30	32	33	21	
44	51	52	53	54	43	
47	57	66	67	76	56	
Now, after clarification, the number of all nodes involved is 99
-----------------1---------------
--------------2-------------------
--------------3-------------------
--------------3-------------------
--------------3-------------------
seed is 9

void computeDistance() is OK

xxxxx
xxxxx
xxxxx
xxxxx
the number of all nodes involved is 157
the sum of ai on all nodes after phaseI is 10000000
formed clusters after phase I is: 
1	2	10	11	12	0	
3	5	13	14	4	
8	17	18	19	9	
23	25	26	33	34	35	24	
19	28	38	39	49	29	
11	20	31	40	41	42	30	
40	41	51	60	61	70	50	
45	46	47	55	57	66	56	
76	78	86	87	88	97	77	
80	91	92	90	
75	83	84	85	94	96	95	
89	98	99	
5	6	7	16	25	35	15	
38	45	46	47	55	36	
38	45	46	47	37	
45	46	52	53	54	55	44	
48	49	58	68	69	79	59	
73	81	91	92	93	94	82	
26	28	35	38	27	
31	32	42	52	53	54	43	
61	63	71	72	73	81	62	
66	74	75	76	84	85	65	
78	79	86	87	88	89	67	
2	10	11	12	20	21	22	
74	75	76	83	84	85	64	
formed clusters after phase II is: 
1	2	10	11	0	
3	5	13	14	4	
8	17	18	19	9	
23	33	34	24	
39	49	29	
30	
40	41	51	60	70	50	
57	66	56	
76	97	77	
80	91	92	90	
75	83	84	85	94	96	95	
98	99	
6	7	16	25	15	
55	36	
45	46	47	37	
44	
48	58	68	69	79	59	
73	81	93	82	
26	28	35	38	27	
31	32	42	52	53	54	43	
61	63	71	72	62	
65	
78	86	87	88	89	67	
12	20	21	22	
74	64	
Now, after clarification, the number of all nodes involved is 100
-----------------1---------------
--------------2-------------------
--------------3-------------------
--------------3-------------------
--------------3-------------------
seed is 10

void computeDistance() is OK

xxxxx
xxxxx
xxxxx
xxxxx
the number of all nodes involved is 157
the sum of ai on all nodes after phaseI is 10000000
formed clusters after phase I is: 
1	2	10	11	20	0	
1	2	4	12	13	14	3	
4	6	14	15	16	5	
6	8	16	17	18	7	
8	18	19	28	29	9	
24	31	32	34	42	43	33	
27	37	38	47	48	56	36	
29	38	48	49	59	39	
50	51	61	62	70	71	60	
58	59	68	77	78	79	69	
54	55	64	65	83	84	74	
81	83	91	92	93	94	82	
71	80	81	91	92	90	
79	88	89	98	99	
12	13	14	24	34	43	23	
16	17	25	27	37	26	
21	31	40	41	50	51	30	
44	52	53	54	62	73	63	
56	57	58	68	76	77	67	
31	32	42	43	22	
35	44	46	55	65	66	45	
62	70	71	81	91	92	72	
84	85	86	94	95	96	75	
86	87	88	95	96	98	97	
formed clusters after phase II is: 
10	11	20	0	
1	2	4	14	3	
15	5	
6	8	16	17	7	
18	19	28	29	9	
33	
37	47	36	
38	48	49	59	39	
61	60	
78	79	69	
64	74	
83	93	94	82	
80	81	91	92	90	
88	89	98	99	
12	13	24	34	23	
25	27	26	
21	31	40	41	50	51	30	
52	53	54	73	63	
56	57	58	68	76	77	67	
32	42	43	22	
35	44	46	55	65	66	45	
62	70	71	72	
84	85	75	
86	87	95	96	97	
Now, after clarification, the number of all nodes involved is 100
-----------------1---------------
--------------2-------------------
--------------3-------------------
--------------3-------------------
--------------3-------------------
seed is 11

void computeDistance() is OK

xxxxx
xxxxx
xxxxx
xxxxx
the number of all nodes involved is 151
the sum of ai on all nodes after phaseI is 10000000
formed clusters after phase I is: 
5	11	12	13	14	23	3	
8	18	19	29	9	
20	31	32	40	41	50	30	
24	25	33	35	43	44	34	
29	38	39	48	58	59	49	
67	68	75	76	77	86	66	
80	91	90	
82	83	84	91	92	94	93	
76	85	86	87	95	97	96	
88	89	97	98	99	
0	2	11	12	21	1	
5	6	13	14	15	25	4	
21	23	31	32	33	22	
37	44	45	46	47	57	36	
41	43	51	52	53	54	42	
50	51	52	61	70	71	60	
58	59	68	78	79	89	69	
0	2	11	20	21	31	10	
7	8	25	26	27	28	16	
45	54	55	65	67	75	56	
70	71	73	80	82	91	81	
7	8	18	19	28	37	17	
62	63	72	73	74	84	64	
formed clusters after phase II is: 
12	13	3	
8	18	19	29	9	
40	41	30	
24	35	34	
38	39	48	58	49	
67	77	66	
80	91	90	
83	92	94	93	
76	85	86	87	95	96	
88	97	98	99	
0	2	1	
5	6	14	15	4	
23	32	33	22	
37	44	46	47	57	36	
43	53	42	
50	51	52	61	60	
59	68	78	79	89	69	
11	20	21	31	10	
25	26	27	16	
45	54	55	65	75	56	
70	71	73	82	81	
7	28	17	
62	63	72	74	84	64	
Now, after clarification, the number of all nodes involved is 100
-----------------1---------------
--------------2-------------------
--------------3-------------------
--------------3-------------------
--------------3-------------------
seed is 12

void computeDistance() is OK

xxxxx
xxxxx
xxxxx
xxxxx
xxxxx
the number of all nodes involved is 154
the sum of ai on all nodes after phaseI is 10000000
formed clusters after phase I is: 
2	4	5	13	14	3	
44	45	46	47	55	56	35	
29	38	48	49	58	59	39	
30	41	50	51	61	40	
43	51	53	54	61	62	52	
50	61	70	71	80	60	
58	59	68	78	79	89	69	
74	81	82	83	84	93	72	
84	85	86	93	95	96	94	
79	88	89	98	99	
4	5	7	15	16	17	6	
7	9	18	19	28	29	8	
37	44	45	46	47	56	36	
43	44	51	53	54	42	
65	73	74	75	84	63	
80	81	82	90	91	93	92	
77	86	87	88	96	98	97	
16	17	24	25	27	37	26	
32	33	43	44	45	54	34	
66	73	74	75	76	84	64	
12	20	21	22	23	32	31	
58	59	66	67	68	78	57	
1	2	10	11	12	21	0	
formed clusters after phase II is: 
13	14	3	
55	35	
38	48	49	58	59	39	
30	41	51	61	40	
62	52	
50	70	71	60	
68	78	69	
74	83	72	
84	85	93	95	94	
79	89	99	
4	5	15	16	17	6	
7	9	18	19	28	29	8	
46	47	56	36	
53	54	42	
65	63	
80	81	82	90	91	92	
77	86	87	88	96	98	97	
24	25	27	37	26	
33	43	44	45	34	
66	73	75	76	64	
20	21	22	23	32	31	
67	57	
1	2	10	11	12	0	
Now, after clarification, the number of all nodes involved is 100
-----------------1---------------
--------------2-------------------
--------------3-------------------
--------------3-------------------
--------------3-------------------
seed is 13

void computeDistance() is OK

xxxxx
xxxxx
xxxxx
xxxxx
xxxxx
the number of all nodes involved is 138
the sum of ai on all nodes after phaseI is 10000000
formed clusters after phase I is: 
1	10	11	20	0	
2	4	12	13	3	
7	8	18	19	9	
60	61	71	80	70	
80	81	91	90	
88	89	97	98	99	
6	7	14	15	16	17	5	
18	19	26	27	29	39	28	
30	40	41	51	52	60	50	
44	45	46	54	56	64	55	
45	46	47	48	56	58	57	
75	84	94	95	85	
23	24	25	33	35	44	34	
33	51	52	53	62	63	43	
38	39	47	48	58	59	49	
54	64	73	75	83	84	74	
77	87	95	96	97	86	
81	82	83	91	92	94	93	
32	33	40	41	51	52	42	
59	68	69	77	78	79	67	
80	81	82	83	91	92	72	
12	20	21	31	32	33	22	
formed clusters after phase II is: 
1	10	11	20	0	
2	4	13	3	
7	8	18	9	
61	71	70	
80	81	91	90	
88	89	98	99	
6	14	15	16	17	5	
19	26	27	29	28	
30	60	50	
55	
45	46	56	57	
75	84	94	85	
23	24	25	35	44	34	
53	62	63	43	
38	39	47	48	58	59	49	
54	64	73	74	
77	87	95	96	97	86	
82	83	92	93	
40	41	51	52	42	
68	69	78	79	67	
72	
12	21	31	32	33	22	
Now, after clarification, the number of all nodes involved is 95
-----------------1---------------
--------------2-------------------
--------------3-------------------
--------------3-------------------
--------------3-------------------
seed is 14

void computeDistance() is OK

xxxxx
xxxxx
xxxxx
xxxxx
xxxxx
xxxxx
xxxxx
the number of all nodes involved is 156
the sum of ai on all nodes after phaseI is 10000000
formed clusters after phase I is: 
1	10	12	20	0	
5	6	8	16	17	26	7	
8	18	19	28	9	
18	28	29	38	48	49	39	
30	31	41	50	51	40	
35	42	43	45	53	54	44	
57	65	67	68	76	77	66	
58	59	69	78	88	89	79	
73	82	84	91	92	93	83	
75	84	85	86	95	96	94	
78	87	88	89	98	99	
2	3	5	13	14	15	4	
14	15	16	24	34	35	25	
31	33	41	42	43	52	32	
61	64	71	73	82	72	
86	87	88	95	96	98	97	
1	10	11	12	20	30	21	
2	11	12	22	33	34	23	
52	53	63	74	82	62	
60	61	71	80	81	90	70	
54	56	64	65	74	55	
56	57	65	67	46	
37	38	48	49	57	58	47	
17	26	27	37	38	36	
formed clusters after phase II is: 
0	
5	6	16	17	26	7	
8	18	19	28	9	
29	39	
31	50	51	40	
45	44	
68	76	77	66	
58	59	69	78	79	
91	92	93	83	
75	84	85	86	94	
89	99	
2	3	13	14	15	4	
24	35	25	
41	42	43	52	32	
61	73	82	72	
87	88	95	96	98	97	
1	10	11	12	20	30	21	
22	33	34	23	
53	63	62	
60	71	80	81	90	70	
54	64	74	55	
56	65	67	46	
48	49	57	47	
27	37	38	36	
Now, after clarification, the number of all nodes involved is 100
-----------------1---------------
--------------2-------------------
--------------3-------------------
--------------3-------------------
--------------3-------------------
seed is 15

void computeDistance() is OK

xxxxx
xxxxx
xxxxx
xxxxx
xxxxx
the number of all nodes involved is 160
the sum of ai on all nodes after phaseI is 10000000
formed clusters after phase I is: 
1	10	11	0	
4	5	7	15	16	6	
21	31	32	40	41	42	30	
50	61	70	71	80	81	60	
80	81	91	92	90	
78	79	88	89	97	98	99	
21	31	32	40	41	20	
15	23	24	25	33	34	35	
54	55	64	74	65	
46	47	56	57	66	
1	2	3	11	13	23	12	
26	27	37	46	47	56	36	
33	34	43	53	54	55	44	
59	67	68	69	77	78	58	
63	64	71	73	74	82	72	
84	86	87	94	95	96	85	
4	5	13	15	25	14	
18	19	27	28	37	38	17	
13	21	23	24	32	33	22	
38	39	47	49	57	59	48	
51	52	61	71	73	62	
86	87	88	95	96	97	76	
82	84	92	93	94	95	83	
7	8	18	19	9	
18	19	28	38	39	49	29	
formed clusters after phase II is: 
1	10	0	
4	5	7	16	6	
42	30	
50	61	70	71	81	60	
80	91	92	90	
78	79	88	89	97	98	99	
31	40	41	20	
35	
65	
66	
2	3	11	13	12	
26	46	56	36	
34	43	53	54	55	44	
67	68	69	77	58	
63	64	73	74	72	
85	
15	25	14	
27	37	17	
21	23	24	32	33	22	
47	49	57	59	48	
51	52	62	
86	87	95	96	76	
82	84	93	94	83	
8	18	19	9	
28	38	39	29	
Now, after clarification, the number of all nodes involved is 98
-----------------1---------------
--------------2-------------------
--------------3-------------------
--------------3-------------------
--------------3-------------------
seed is 16

void computeDistance() is OK

xxxxx
xxxxx
xxxxx
xxxxx
xxxxx
xxxxx
xxxxx
the number of all nodes involved is 181
the sum of ai on all nodes after phaseI is 10000000
formed clusters after phase I is: 
1	10	11	20	0	
1	2	4	5	13	3	
4	5	7	15	16	17	6	
7	8	18	19	9	
20	21	31	32	40	41	30	
19	28	29	38	48	49	39	
48	49	58	68	69	79	59	
40	50	51	61	70	71	60	
67	74	75	76	77	86	65	
67	75	76	77	85	86	66	
63	71	73	74	81	82	72	
70	71	81	90	80	
88	89	98	99	
44	45	53	63	64	75	54	
37	47	57	58	67	77	56	
53	61	64	71	73	62	
69	77	79	87	88	89	78	
81	82	90	92	93	91	
85	86	87	94	95	97	96	
36	37	45	47	55	57	46	
40	41	42	43	50	51	52	
74	84	92	93	94	95	83	
35	42	43	44	45	53	34	
33	35	43	44	45	24	
15	35	36	45	25	
4	5	13	22	23	33	14	
15	16	17	27	36	37	26	
1	2	10	11	13	20	12	
formed clusters after phase II is: 
1	10	11	0	
2	3	
4	5	15	16	6	
7	8	18	19	9	
21	31	32	30	
28	29	38	39	
48	49	58	68	69	79	59	
60	
65	
76	66	
63	73	74	82	72	
70	71	80	
88	89	98	99	
64	75	54	
67	56	
53	61	62	
77	78	
81	90	92	93	91	
85	86	87	94	95	97	96	
47	55	57	46	
40	41	42	43	50	51	52	
84	83	
34	
44	24	
35	45	25	
13	22	23	33	14	
17	27	36	37	26	
20	12	
Now, after clarification, the number of all nodes involved is 100
-----------------1---------------
--------------2-------------------
--------------3-------------------
--------------3-------------------
--------------3-------------------
seed is 17

void computeDistance() is OK

xxxxx
xxxxx
xxxxx
xxxxx
xxxxx
xxxxx
the number of all nodes involved is 163
the sum of ai on all nodes after phaseI is 10000000
formed clusters after phase I is: 
0	2	10	11	12	21	1	
4	6	7	13	14	15	5	
8	9	18	29	19	
0	10	11	21	30	31	20	
28	29	38	48	49	39	
40	41	42	50	52	61	51	
57	64	65	66	67	76	55	
57	65	66	67	76	56	
49	58	68	69	79	59	
54	61	63	64	72	73	62	
60	61	71	80	70	
71	80	81	82	91	92	90	
83	84	85	92	94	95	93	
88	89	97	98	99	
52	54	63	64	65	53	
73	75	76	84	85	94	74	
78	87	88	89	96	97	77	
45	54	64	65	44	
87	88	95	96	97	98	86	
32	33	34	42	52	64	43	
37	38	47	48	57	67	46	
22	24	32	33	34	42	23	
16	24	25	26	36	47	35	
2	4	12	13	14	24	3	
8	9	18	27	28	29	17	
formed clusters after phase II is: 
1	
4	6	7	15	5	
8	9	18	29	19	
0	10	11	21	30	31	20	
38	48	39	
40	41	50	51	
55	
66	56	
49	58	68	69	79	59	
72	62	
60	61	70	
71	80	81	82	91	92	90	
83	84	85	94	93	
89	99	
63	53	
73	75	76	74	
78	88	97	77	
45	54	64	65	44	
87	95	96	98	86	
52	43	
37	47	57	67	46	
22	32	33	34	42	23	
16	24	25	26	36	35	
2	12	13	14	3	
27	28	17	
Now, after clarification, the number of all nodes involved is 100
-----------------1---------------
--------------2-------------------
--------------3-------------------
--------------3-------------------
--------------3-------------------
seed is 18

void computeDistance() is OK

xxxxx
xxxxx
xxxxx
xxxxx
xxxxx
xxxxx
the number of all nodes involved is 137
the sum of ai on all nodes after phaseI is 10000000
formed clusters after phase I is: 
1	10	11	0	
7	8	18	19	28	9	
20	21	31	40	41	30	
40	41	51	60	61	70	50	
68	69	78	88	89	79	
80	91	90	
82	91	93	92	
24	25	33	34	43	35	
59	66	68	69	77	78	67	
66	74	76	85	86	75	
13	14	21	22	24	32	23	
16	17	18	26	28	38	27	
48	49	59	68	69	78	58	
62	64	73	74	83	84	63	
2	4	5	12	13	14	3	
5	7	15	16	17	26	6	
18	19	28	29	38	49	39	
41	42	43	51	52	62	53	
61	62	70	71	81	82	72	
83	84	85	93	95	94	
85	86	87	95	97	98	96	
87	88	89	97	98	99	
formed clusters after phase II is: 
1	10	11	0	
7	8	18	19	28	9	
20	21	31	30	
40	41	51	60	50	
68	69	78	88	79	
80	91	90	
82	92	
25	33	34	35	
59	66	77	67	
74	76	75	
22	24	32	23	
26	27	
48	58	
64	73	83	63	
2	4	5	12	13	14	3	
15	16	17	6	
29	38	49	39	
42	43	52	53	
61	62	70	71	81	72	
84	85	93	94	
86	87	95	96	
89	97	98	99	
Now, after clarification, the number of all nodes involved is 89
-----------------1---------------
--------------2-------------------
--------------3-------------------
--------------3-------------------
--------------3-------------------
seed is 19

void computeDistance() is OK

xxxxx
xxxxx
xxxxx
xxxxx
the number of all nodes involved is 155
the sum of ai on all nodes after phaseI is 10000000
formed clusters after phase I is: 
3	5	13	14	15	4	
8	18	19	9	
0	1	11	20	10	
34	35	41	42	43	44	33	
29	38	49	39	
53	54	61	62	63	71	52	
64	66	67	74	75	76	65	
58	59	68	78	79	69	
51	60	61	71	80	81	70	
80	81	91	90	
77	86	87	88	96	98	97	
89	98	99	
0	1	3	11	12	22	2	
22	23	25	34	35	45	24	
34	35	37	45	46	57	36	
30	31	41	50	51	61	40	
54	56	57	64	66	55	
83	84	85	92	94	95	93	
15	16	18	26	27	28	17	
11	21	22	31	41	43	32	
49	57	58	59	66	67	47	
83	84	85	94	95	73	
7	8	18	26	27	6	
38	49	58	59	67	68	48	
71	81	82	84	91	92	72	
formed clusters after phase II is: 
5	13	14	4	
8	19	9	
0	1	11	20	10	
42	43	44	33	
29	38	49	39	
53	62	63	52	
74	75	76	65	
59	68	78	79	69	
60	70	
80	81	91	90	
77	86	87	88	96	98	97	
89	99	
3	12	2	
23	25	34	35	45	24	
37	46	36	
30	31	50	51	61	40	
54	56	64	55	
84	85	92	94	95	93	
15	16	26	27	28	17	
21	22	41	32	
57	66	47	
83	73	
7	18	6	
58	67	48	
71	82	72	
Now, after clarification, the number of all nodes involved is 100
-----------------1---------------
--------------2-------------------
--------------3-------------------
--------------3-------------------
--------------3-------------------
seed is 20

void computeDistance() is OK

xxxxx
xxxxx
xxxxx
xxxxx
xxxxx
xxxxx
the number of all nodes involved is 143
the sum of ai on all nodes after phaseI is 10000000
formed clusters after phase I is: 
1	10	11	20	0	
1	2	4	5	13	3	
5	6	8	16	17	18	7	
8	19	9	
19	28	29	38	48	49	39	
40	41	51	60	61	50	
48	49	58	68	69	59	
80	81	91	90	
83	84	92	94	95	93	
79	88	89	98	99	
23	24	32	42	43	33	
43	45	53	54	55	44	
10	11	13	21	22	23	12	
14	15	25	26	36	45	35	
63	65	73	74	75	83	64	
29	36	37	38	46	47	27	
10	20	21	31	40	41	30	
60	61	70	71	72	82	62	
84	86	87	94	95	96	85	
40	41	42	51	72	52	
55	57	65	66	75	76	56	
77	87	88	95	96	98	97	
68	69	77	78	87	88	67	
formed clusters after phase II is: 
1	10	11	20	0	
2	4	5	3	
6	16	17	18	7	
8	9	
19	28	29	38	39	
50	
48	49	58	59	
80	81	91	90	
83	92	93	
79	89	99	
24	32	33	
43	53	54	44	
13	21	22	23	12	
14	15	25	26	45	35	
63	73	74	64	
36	37	46	47	27	
31	30	
60	61	70	71	72	82	62	
84	86	87	94	95	85	
40	41	42	51	52	
55	57	65	66	75	76	56	
77	88	96	98	97	
68	69	78	67	
Now, after clarification, the number of all nodes involved is 99
-----------------1---------------
--------------2-------------------
--------------3-------------------
--------------3-------------------
--------------3-------------------
seed is 21

void computeDistance() is OK

xxxxx
xxxxx
xxxxx
xxxxx
xxxxx
xxxxx
xxxxx
the number of all nodes involved is 148
the sum of ai on all nodes after phaseI is 10000000
formed clusters after phase I is: 
2	4	12	13	3	
4	6	15	16	24	25	5	
7	8	18	19	9	
0	1	11	20	10	
11	20	31	40	41	30	
29	39	48	58	59	49	
68	69	78	89	79	
70	81	90	91	80	
74	82	83	84	92	94	93	
88	89	99	
41	51	52	60	61	62	50	
71	72	73	74	81	83	63	
66	74	76	85	86	75	
44	45	46	53	54	56	55	
85	86	87	94	96	97	95	
36	37	44	45	46	56	35	
18	27	28	37	38	47	26	
33	36	43	44	45	34	
56	58	59	67	68	69	57	
4	13	24	25	36	14	
8	16	18	19	28	29	17	
31	33	41	42	43	53	32	
87	88	89	96	97	98	77	
21	22	31	33	43	23	
formed clusters after phase II is: 
2	12	3	
6	15	5	
7	8	9	
0	1	10	
11	20	31	40	41	30	
39	48	49	
68	69	78	79	
70	81	90	91	80	
74	82	83	84	92	93	
88	89	99	
51	52	60	61	62	50	
71	72	73	63	
66	76	75	
54	55	
85	86	94	96	97	95	
46	56	35	
27	37	38	47	26	
44	45	34	
58	59	67	57	
4	13	24	25	36	14	
16	18	19	28	29	17	
42	53	32	
87	98	77	
21	22	33	43	23	
Now, after clarification, the number of all nodes involved is 98
-----------------1---------------
--------------2-------------------
--------------3-------------------
--------------3-------------------
--------------3-------------------
seed is 22

void computeDistance() is OK

xxxxx
xxxxx
xxxxx
xxxxx
xxxxx
xxxxx
xxxxx
the number of all nodes involved is 143
the sum of ai on all nodes after phaseI is 10000000
formed clusters after phase I is: 
7	9	17	18	28	8	
19	28	29	38	49	39	
78	79	88	98	99	89	
70	80	91	90	
74	83	84	92	94	93	
76	86	87	95	97	98	96	
1	0	
40	41	51	30	
44	45	52	53	54	55	43	
68	75	76	78	86	87	77	
70	71	72	80	81	92	82	
1	3	13	2	
40	41	50	51	62	63	42	
68	69	76	78	87	67	
74	81	83	84	85	73	
3	4	5	13	14	24	23	
66	68	75	76	56	
49	57	58	68	69	79	59	
51	61	70	71	72	80	60	
25	27	35	36	37	46	26	
55	65	74	75	84	85	64	
5	7	15	16	17	25	6	
49	57	58	68	69	48	
46	49	57	58	47	
formed clusters after phase II is: 
9	18	8	
19	28	29	38	49	39	
78	79	88	99	89	
70	80	91	90	
83	94	93	
76	86	87	95	97	98	96	
1	0	
30	
44	45	52	53	54	43	
77	
71	72	81	92	82	
3	13	2	
40	41	50	51	62	63	42	
67	
73	
4	14	24	23	
66	56	
59	
61	60	
27	35	36	37	26	
55	65	74	75	84	85	64	
5	7	15	16	17	25	6	
68	69	48	
46	57	58	47	
Now, after clarification, the number of all nodes involved is 90
-----------------1---------------
--------------2-------------------
--------------3-------------------
--------------3-------------------
--------------3-------------------
seed is 23

void computeDistance() is OK

xxxxx
xxxxx
xxxxx
xxxxx
xxxxx
xxxxx
xxxxx
the number of all nodes involved is 173
the sum of ai on all nodes after phaseI is 10000000
formed clusters after phase I is: 
1	2	10	11	0	
4	6	7	15	16	17	5	
7	8	18	19	9	
20	21	31	40	41	30	
43	44	46	54	55	56	45	
39	46	48	49	57	58	47	
51	53	60	61	62	72	52	
38	48	49	58	68	69	59	
68	69	78	88	89	99	79	
77	85	87	96	97	98	86	
80	81	91	90	
75	84	85	93	94	96	95	
18	19	28	38	39	49	29	
46	48	55	56	57	36	
46	48	56	57	37	
40	41	51	62	70	71	50	
64	72	73	74	75	84	63	
58	66	68	69	77	78	67	
77	85	87	96	97	76	
80	81	82	83	91	93	92	
15	16	17	18	25	27	26	
43	44	46	55	56	35	
66	74	75	84	85	65	
42	43	44	55	34	
21	22	23	24	31	32	33	
3	4	13	15	23	24	14	
1	2	3	11	22	23	12	
formed clusters after phase II is: 
1	2	10	11	0	
6	15	16	17	5	
7	8	18	19	9	
20	21	31	30	
54	45	
47	
53	60	61	52	
48	49	59	
78	88	89	99	79	
77	87	96	97	98	86	
80	91	90	
94	95	
28	38	39	29	
36	
57	37	
40	41	51	62	70	71	50	
64	72	73	63	
58	66	68	69	67	
76	
81	82	83	93	92	
25	27	26	
46	56	35	
74	75	84	85	65	
42	43	44	55	34	
32	33	
4	13	23	24	14	
3	22	12	
Now, after clarification, the number of all nodes involved is 100
-----------------1---------------
--------------2-------------------
--------------3-------------------
--------------3-------------------
--------------3-------------------
seed is 24

void computeDistance() is OK

xxxxx
xxxxx
xxxxx
xxxxx
xxxxx
the number of all nodes involved is 157
the sum of ai on all nodes after phaseI is 10000000
formed clusters after phase I is: 
0	2	12	1	
7	8	18	19	28	9	
28	35	36	37	38	47	27	
28	29	37	38	49	39	
53	54	61	62	63	72	52	
48	49	58	68	69	59	
83	84	85	93	95	94	
88	89	97	98	99	
0	11	20	21	30	31	10	
6	15	16	17	24	25	26	
34	42	44	45	53	54	43	
40	41	42	50	60	61	51	
74	75	83	84	85	93	73	
69	77	79	87	88	89	78	
71	80	81	82	90	91	92	
85	86	87	95	97	98	96	
3	4	6	13	16	5	
22	23	24	32	42	54	33	
56	65	66	74	75	76	64	
48	57	58	68	69	87	67	
60	80	81	82	90	91	70	
2	3	4	12	13	22	14	
56	65	66	74	75	76	55	
56	57	58	65	66	46	
formed clusters after phase II is: 
0	2	12	1	
7	8	18	19	28	9	
35	36	37	38	47	27	
29	39	
62	63	72	52	
49	59	
83	84	93	94	
89	98	99	
11	20	21	30	31	10	
15	17	25	26	
34	44	45	53	54	43	
40	41	50	60	61	51	
73	
77	79	88	78	
71	82	92	
85	86	87	95	97	96	
6	16	5	
23	24	32	42	33	
64	
48	57	58	68	69	67	
80	81	90	91	70	
3	4	13	22	14	
56	65	66	74	75	76	55	
46	
Now, after clarification, the number of all nodes involved is 100
-----------------1---------------
--------------2-------------------
--------------3-------------------
--------------3-------------------
--------------3-------------------
seed is 25

void computeDistance() is OK

xxxxx
xxxxx
xxxxx
xxxxx
xxxxx
xxxxx
xxxxx
the number of all nodes involved is 148
the sum of ai on all nodes after phaseI is 10000000
formed clusters after phase I is: 
1	10	11	0	
4	5	7	15	16	17	6	
7	8	17	18	19	28	9	
59	68	78	79	88	89	69	
70	80	81	91	90	
85	86	87	95	96	98	97	
78	79	87	88	89	98	99	
1	3	11	12	14	22	2	
30	40	50	41	
38	39	47	48	57	58	49	
18	19	27	28	38	39	29	
32	33	42	44	43	
30	40	50	60	61	51	
3	12	13	14	22	34	23	
11	20	21	22	30	40	31	
54	62	64	72	73	74	63	
62	64	72	73	74	53	
81	83	84	91	92	93	82	
44	45	46	54	56	66	55	
80	81	83	91	92	71	
84	85	86	93	95	96	94	
24	25	26	34	36	37	35	
67	75	76	77	85	86	65	
formed clusters after phase II is: 
10	0	
4	5	15	16	6	
7	8	17	18	19	28	9	
59	68	78	69	
70	80	81	91	90	
85	86	87	95	96	97	
79	88	89	98	99	
1	3	11	12	14	22	2	
41	
47	48	57	58	49	
27	38	39	29	
32	33	42	43	
50	60	61	51	
13	23	
20	21	30	40	31	
63	
62	64	72	73	74	53	
83	92	82	
44	45	46	54	56	66	55	
71	
84	93	94	
24	25	26	34	36	37	35	
67	75	76	77	65	
Now, after clarification, the number of all nodes involved is 99
-----------------1---------------
--------------2-------------------
--------------3-------------------
--------------3-------------------
--------------3-------------------
seed is 26

void computeDistance() is OK

xxxxx
xxxxx
xxxxx
xxxxx
the number of all nodes involved is 161
the sum of ai on all nodes after phaseI is 10000000
formed clusters after phase I is: 
1	10	0	
5	7	15	16	17	26	6	
7	8	18	19	9	
10	11	21	30	31	40	20	
35	42	43	44	45	53	34	
29	38	48	49	59	39	
56	65	66	73	74	75	55	
80	81	82	90	92	91	
82	83	84	92	94	95	93	
85	86	87	95	97	96	
79	88	89	97	98	99	
10	11	13	21	22	23	12	
25	35	44	45	46	47	36	
40	41	51	52	60	61	50	
62	64	72	73	74	84	63	
59	68	78	79	88	89	69	
1	3	4	10	13	2	
24	42	43	44	53	33	
27	28	38	46	47	48	37	
42	43	53	65	73	74	54	
49	57	59	67	68	58	
60	61	71	80	81	90	70	
3	4	13	23	24	25	14	
40	41	42	43	53	32	
76	78	85	86	87	88	77	
formed clusters after phase II is: 
1	0	
5	15	16	17	26	6	
7	8	18	19	9	
30	31	20	
34	
29	38	48	39	
56	66	75	55	
81	92	91	
82	83	94	95	93	
85	86	87	97	96	
79	88	89	98	99	
10	11	21	22	12	
25	35	44	45	46	36	
40	41	51	52	61	50	
62	64	72	73	74	84	63	
78	69	
3	4	2	
33	
27	28	47	37	
42	43	53	65	54	
49	57	59	67	68	58	
60	71	80	90	70	
13	23	24	14	
32	
76	77	
Now, after clarification, the number of all nodes involved is 100
-----------------1---------------
--------------2-------------------
--------------3-------------------
--------------3-------------------
--------------3-------------------
seed is 27

void computeDistance() is OK

xxxxx
xxxxx
xxxxx
xxxxx
the number of all nodes involved is 161
the sum of ai on all nodes after phaseI is 10000000
formed clusters after phase I is: 
1	10	11	20	0	
1	3	11	12	2	
3	5	13	14	4	
7	9	18	19	8	
25	26	33	34	35	36	24	
28	29	38	49	39	
46	47	49	56	57	58	48	
30	40	41	60	61	71	50	
45	53	55	63	64	65	54	
58	68	69	59	
81	82	83	84	93	94	72	
70	80	81	82	91	92	90	
86	87	88	96	98	97	
79	88	89	98	99	
5	7	16	18	25	27	6	
10	11	20	30	31	41	21	
14	22	32	33	34	43	23	
53	55	63	64	65	44	
55	58	66	68	76	77	67	
74	82	83	84	94	73	
69	77	79	87	88	89	78	
75	84	85	86	94	96	95	
18	26	27	28	37	38	17	
71	81	82	83	62	
25	26	27	35	36	15	
41	42	43	51	60	61	52	
formed clusters after phase II is: 
0	
1	3	11	12	2	
13	14	4	
7	9	19	8	
24	
29	49	39	
46	47	56	57	58	48	
40	50	
45	54	
69	59	
83	93	72	
70	80	81	82	91	92	90	
87	97	
79	88	89	98	99	
5	16	18	25	6	
10	20	30	31	41	21	
22	32	33	34	43	23	
53	63	64	65	44	
55	66	68	76	77	67	
74	73	
78	
75	84	85	86	94	96	95	
28	37	38	17	
71	62	
26	27	35	36	15	
42	51	60	61	52	
Now, after clarification, the number of all nodes involved is 100
-----------------1---------------
--------------2-------------------
--------------3-------------------
--------------3-------------------
--------------3-------------------
seed is 28

void computeDistance() is OK

xxxxx
xxxxx
xxxxx
the number of all nodes involved is 146
the sum of ai on all nodes after phaseI is 10000000
formed clusters after phase I is: 
1	2	10	11	20	21	0	
2	4	5	13	14	23	3	
5	7	8	15	17	18	6	
7	8	17	18	19	29	9	
31	32	34	42	43	52	33	
35	36	44	46	55	65	45	
40	41	51	60	61	50	
75	76	77	78	85	86	66	
58	59	68	78	79	69	
70	80	81	82	91	90	
88	89	98	99	
10	11	20	21	22	23	12	
15	16	17	24	26	35	25	
21	22	31	32	40	41	30	
28	29	38	48	49	59	39	
44	52	53	62	63	64	54	
65	67	75	76	77	56	
85	86	87	95	97	98	96	
26	28	29	37	38	48	27	
49	57	58	59	67	47	
64	71	72	74	83	93	73	
74	83	92	93	94	95	84	
formed clusters after phase II is: 
1	0	
2	4	5	13	14	3	
7	8	15	6	
17	18	19	29	9	
34	42	43	33	
36	46	55	45	
40	51	60	61	50	
66	
68	78	79	69	
70	80	81	82	91	90	
88	89	99	
10	11	20	21	22	23	12	
16	24	35	25	
31	32	41	30	
28	49	59	39	
44	52	53	62	63	54	
65	75	76	77	56	
85	86	87	97	98	96	
26	37	38	48	27	
57	58	67	47	
64	71	72	73	
74	83	92	93	94	95	84	
Now, after clarification, the number of all nodes involved is 100
-----------------1---------------
--------------2-------------------
--------------3-------------------
--------------3-------------------
--------------3-------------------
seed is 29

void computeDistance() is OK

xxxxx
xxxxx
xxxxx
xxxxx
xxxxx
the number of all nodes involved is 154
the sum of ai on all nodes after phaseI is 10000000
formed clusters after phase I is: 
1	2	10	11	12	0	
15	16	17	18	26	27	6	
8	18	19	9	
19	28	39	49	29	
49	58	69	59	
50	51	61	70	71	60	
68	69	77	78	88	89	79	
83	84	86	93	94	96	95	
88	89	98	99	
3	4	14	15	16	17	5	
43	53	62	63	64	54	
66	74	75	76	85	86	65	
81	82	90	91	93	94	92	
8	15	16	17	18	27	7	
14	23	24	25	35	45	34	
51	52	53	61	62	63	42	
63	64	72	82	83	84	73	
77	86	87	88	96	98	97	
2	3	4	12	21	22	13	
22	23	24	32	43	53	33	
45	46	47	48	57	67	56	
70	71	81	82	90	91	80	
20	30	32	40	41	50	31	
37	38	45	46	47	48	36	
formed clusters after phase II is: 
1	10	11	0	
26	6	
9	
19	28	39	29	
49	58	69	59	
50	51	61	60	
68	77	78	79	
83	84	95	
89	98	99	
14	5	
54	
66	74	75	76	85	65	
82	93	94	92	
8	15	16	17	18	27	7	
25	35	34	
52	53	62	63	42	
64	72	73	
86	87	88	96	97	
2	3	4	12	21	22	13	
23	24	43	33	
57	67	56	
70	71	81	90	91	80	
20	30	32	40	41	31	
37	38	45	46	47	48	36	
Now, after clarification, the number of all nodes involved is 98
-----------------1---------------
--------------2-------------------
--------------3-------------------
--------------3-------------------
--------------3-------------------
seed is 30

void computeDistance() is OK

xxxxx
xxxxx
xxxxx
xxxxx
xxxxx
xxxxx
xxxxx
the number of all nodes involved is 158
the sum of ai on all nodes after phaseI is 10000000
formed clusters after phase I is: 
4	5	7	15	16	17	6	
7	9	17	18	8	
39	48	49	58	69	59	
54	64	66	74	75	76	65	
66	68	76	77	78	87	67	
76	85	87	95	96	97	86	
80	81	91	92	90	
78	79	88	89	98	99	
2	4	5	12	13	14	3	
9	18	28	29	38	39	19	
41	42	43	51	53	60	52	
50	51	60	80	70	
82	83	85	92	93	95	94	
34	35	41	42	43	44	33	
30	31	41	50	51	60	40	
54	63	64	72	73	74	62	
0	1	11	20	21	30	10	
11	21	22	31	41	43	32	
36	45	46	47	56	66	55	
82	83	85	93	95	84	
13	14	22	24	34	35	23	
58	66	68	76	77	57	
15	16	24	26	27	45	25	
27	28	38	39	48	49	37	
formed clusters after phase II is: 
7	15	16	6	
9	17	18	8	
69	59	
75	65	
66	68	76	77	78	87	67	
96	97	86	
80	81	91	90	
79	88	89	98	99	
2	4	5	12	13	14	3	
28	29	38	39	19	
53	52	
70	
82	83	85	92	93	95	94	
42	43	44	33	
30	41	50	51	60	40	
54	63	64	72	73	74	62	
0	1	11	20	10	
21	31	32	
36	45	46	47	56	55	
84	
22	34	35	23	
58	57	
24	26	25	
27	48	49	37	
Now, after clarification, the number of all nodes involved is 98
-----------------1---------------
--------------2-------------------
--------------3-------------------
--------------3-------------------
--------------3-------------------
seed is 31

void computeDistance() is OK

xxxxx
xxxxx
xxxxx
xxxxx
xxxxx
xxxxx
the number of all nodes involved is 141
the sum of ai on all nodes after phaseI is 10000000
formed clusters after phase I is: 
1	2	10	11	0	
5	7	14	15	16	17	6	
7	8	18	19	9	
13	14	22	24	33	34	23	
20	21	31	40	41	50	30	
50	51	61	70	60	
63	64	71	72	73	74	62	
74	84	86	94	95	96	85	
80	81	91	90	
79	88	89	97	98	99	
2	4	5	14	15	3	
31	33	40	41	42	52	32	
14	24	25	26	35	
29	39	49	
82	83	91	92	94	95	93	
1	2	10	11	21	31	12	
46	47	48	57	37	
16	17	18	26	28	39	27	
44	53	54	55	56	65	45	
48	57	59	67	68	69	58	
42	52	53	54	63	64	43	
75	76	78	86	87	88	77	
67	75	76	78	87	66	
formed clusters after phase II is: 
1	2	10	0	
15	16	17	6	
7	8	18	19	9	
13	22	34	23	
20	21	31	40	50	30	
51	61	70	60	
71	72	73	62	
74	84	96	85	
80	81	91	90	
79	88	89	97	98	99	
4	5	14	3	
33	41	32	
24	25	35	
29	49	
82	83	92	94	95	93	
11	12	
46	47	57	37	
26	28	39	27	
44	55	56	65	45	
48	59	68	69	58	
42	52	53	54	63	64	43	
76	86	87	77	
67	75	78	66	
Now, after clarification, the number of all nodes involved is 98
-----------------1---------------
--------------2-------------------
--------------3-------------------
--------------3-------------------
--------------3-------------------
seed is 32

void computeDistance() is OK

xxxxx
xxxxx
xxxxx
xxxxx
xxxxx
the number of all nodes involved is 151
the sum of ai on all nodes after phaseI is 10000000
formed clusters after phase I is: 
1	2	10	11	0	
3	5	6	12	13	14	4	
8	17	18	19	9	
18	19	28	39	49	29	
30	31	41	42	50	51	40	
38	39	47	49	58	59	48	
74	75	82	83	84	73	
70	80	81	91	90	
82	83	84	91	93	94	92	
93	94	95	
88	89	97	98	99	
7	15	17	25	26	27	16	
10	21	22	30	31	20	
32	33	34	35	43	44	24	
36	38	39	46	47	37	
52	53	61	70	71	72	62	
59	68	69	78	88	89	79	
76	86	87	96	97	85	
22	32	34	35	43	44	23	
50	51	70	71	80	81	60	
54	55	64	65	74	75	63	
55	57	65	66	75	77	56	
36	44	46	47	54	57	45	
76	77	78	86	87	88	67	
formed clusters after phase II is: 
1	2	11	0	
3	5	6	12	13	14	4	
8	18	19	9	
28	29	
31	41	42	40	
49	58	48	
73	
70	80	81	91	90	
82	83	84	93	94	92	
95	
98	99	
7	15	17	25	26	27	16	
10	21	22	30	20	
33	24	
38	39	37	
52	53	61	71	72	62	
59	68	69	78	88	89	79	
96	97	85	
32	34	35	43	23	
50	51	60	
64	74	63	
55	65	66	75	56	
36	44	46	47	54	57	45	
76	77	86	87	67	
Now, after clarification, the number of all nodes involved is 100
-----------------1---------------
--------------2-------------------
--------------3-------------------
--------------3-------------------
--------------3-------------------
seed is 33

void computeDistance() is OK

xxxxx
xxxxx
xxxxx
xxxxx
xxxxx
the number of all nodes involved is 148
the sum of ai on all nodes after phaseI is 10000000
formed clusters after phase I is: 
1	10	11	0	
1	3	11	12	13	2	
8	18	19	29	9	
28	29	38	47	48	49	39	
30	31	41	50	51	40	
48	49	57	58	68	69	59	
50	51	61	70	71	72	60	
53	54	55	62	64	74	63	
74	75	76	77	84	85	65	
70	80	81	91	92	90	
73	83	84	92	94	93	
79	88	89	97	98	99	
3	5	6	13	14	15	4	
1	10	11	12	21	31	20	
12	21	23	24	32	33	22	
41	51	52	53	62	42	
37	43	44	46	56	66	45	
70	80	81	84	91	92	82	
85	86	87	94	96	97	95	
33	35	36	43	44	34	
57	58	68	69	77	78	67	
26	33	35	36	44	25	
7	17	18	26	27	28	16	
formed clusters after phase II is: 
10	0	
1	2	
8	18	19	29	9	
38	47	39	
30	40	
48	49	59	
50	61	71	72	60	
54	55	64	63	
74	75	76	85	65	
80	81	91	92	90	
73	83	84	93	
79	88	89	97	98	99	
3	5	6	13	14	15	4	
11	12	21	31	20	
23	24	32	33	22	
41	51	52	53	62	42	
37	46	56	66	45	
70	82	
86	87	94	96	95	
43	34	
57	58	68	69	77	78	67	
35	36	44	25	
7	17	26	27	28	16	
Now, after clarification, the number of all nodes involved is 100
-----------------1---------------
--------------2-------------------
--------------3-------------------
--------------3-------------------
--------------3-------------------
seed is 34

void computeDistance() is OK

xxxxx
xxxxx
xxxxx
xxxxx
xxxxx
xxxxx
the number of all nodes involved is 165
the sum of ai on all nodes after phaseI is 10000000
formed clusters after phase I is: 
1	10	11	0	
5	7	16	17	6	
8	17	18	19	29	9	
10	21	30	31	40	20	
46	54	55	56	57	65	45	
41	52	54	62	63	64	53	
38	48	49	58	68	69	59	
60	61	71	80	70	
63	71	73	82	83	91	72	
80	81	91	92	90	
83	84	85	92	94	95	93	
88	89	97	98	99	
2	4	5	12	13	14	3	
46	54	55	56	65	44	
65	67	68	75	76	86	66	
83	84	85	86	94	95	74	
36	46	54	55	35	
23	32	33	41	42	54	43	
37	38	48	49	58	68	47	
69	77	78	88	89	98	79	
76	77	86	87	95	97	96	
16	17	18	25	27	28	26	
40	41	50	60	61	71	51	
14	16	24	25	34	15	
18	19	29	37	38	49	39	
11	12	13	14	21	33	22	
formed clusters after phase II is: 
1	11	0	
5	7	17	6	
8	19	9	
10	30	31	40	20	
57	45	
52	54	62	64	53	
49	68	69	59	
70	
63	73	82	83	72	
80	81	91	92	90	
93	
99	
2	4	3	
56	44	
65	67	75	76	66	
84	85	94	74	
36	46	55	35	
23	32	33	42	43	
48	58	47	
78	88	89	98	79	
77	86	87	95	97	96	
27	28	26	
41	50	60	61	71	51	
16	24	25	34	15	
18	29	37	38	39	
12	13	14	21	22	
Now, after clarification, the number of all nodes involved is 100
-----------------1---------------
--------------2-------------------
--------------3-------------------
--------------3-------------------
--------------3-------------------
seed is 35

void computeDistance() is OK

xxxxx
xxxxx
xxxxx
xxxxx
the number of all nodes involved is 159
the sum of ai on all nodes after phaseI is 10000000
formed clusters after phase I is: 
1	10	11	12	0	
3	5	13	14	15	24	4	
7	8	18	19	9	
18	19	27	28	38	39	29	
40	51	61	50	
33	42	43	44	45	55	54	
55	57	65	66	67	76	56	
80	81	91	90	
83	84	92	93	95	96	94	
88	89	98	99	
1	3	11	12	14	22	2	
33	34	35	43	44	45	23	
45	47	55	57	66	46	
43	52	62	63	64	73	53	
85	86	87	95	96	98	97	
6	15	16	17	26	36	25	
33	34	41	42	43	44	32	
38	39	47	48	58	59	49	
51	61	70	71	80	81	60	
65	75	76	84	85	74	
80	81	83	91	92	93	82	
10	20	21	31	40	41	30	
28	36	38	39	48	58	37	
59	67	69	77	78	79	68	
81	83	91	92	93	72	
formed clusters after phase II is: 
1	10	11	0	
5	13	24	4	
7	8	19	9	
18	27	28	38	39	29	
50	
54	
56	
80	90	
84	94	
88	89	98	99	
3	12	14	22	2	
33	34	35	43	44	45	23	
47	55	57	66	46	
52	62	63	64	73	53	
86	87	95	96	97	
6	15	16	17	26	25	
42	32	
59	49	
51	61	70	71	60	
65	75	76	85	74	
81	83	91	92	93	82	
20	21	31	40	41	30	
36	48	58	37	
67	69	77	78	79	68	
72	
Now, after clarification, the number of all nodes involved is 100
-----------------1---------------
--------------2-------------------
--------------3-------------------
--------------3-------------------
--------------3-------------------
seed is 36

void computeDistance() is OK

xxxxx
xxxxx
xxxxx
xxxxx
xxxxx
xxxxx
the number of all nodes involved is 165
the sum of ai on all nodes after phaseI is 10000000
formed clusters after phase I is: 
1	2	10	11	0	
3	4	6	14	15	16	5	
7	8	19	29	9	
21	30	31	41	50	51	40	
38	39	48	58	59	49	
45	46	56	64	65	66	55	
50	51	61	70	60	
70	71	81	90	80	
79	88	98	99	89	
81	82	83	91	93	92	
86	87	96	98	99	97	
10	11	12	21	22	30	20	
6	14	15	16	26	36	25	
32	33	34	44	63	64	54	
48	56	58	66	67	68	57	
59	68	77	78	79	88	69	
73	75	83	84	85	95	74	
84	85	86	93	95	96	94	
14	16	24	35	
43	44	51	52	53	62	42	
78	85	86	87	88	96	76	
12	13	14	21	22	24	23	
38	39	46	47	48	37	
71	73	81	82	83	84	72	
19	26	28	36	38	39	27	
7	8	16	17	19	28	18	
formed clusters after phase II is: 
1	2	10	0	
3	4	6	15	5	
8	19	29	9	
31	41	40	
38	39	49	
45	65	55	
50	51	61	60	
70	90	80	
89	
91	93	92	
87	98	99	97	
11	12	21	22	30	20	
25	
32	33	34	63	64	54	
48	56	58	66	67	68	57	
59	77	78	79	88	69	
75	74	
85	86	95	96	94	
35	
43	44	52	53	62	42	
76	
13	14	24	23	
46	47	37	
71	73	81	82	83	84	72	
26	36	27	
7	16	17	28	18	
Now, after clarification, the number of all nodes involved is 100
-----------------1---------------
--------------2-------------------
--------------3-------------------
--------------3-------------------
--------------3-------------------
seed is 37

void computeDistance() is OK

xxxxx
xxxxx
xxxxx
xxxxx
xxxxx
the number of all nodes involved is 154
the sum of ai on all nodes after phaseI is 10000000
formed clusters after phase I is: 
1	10	11	20	0	
4	6	7	15	16	5	
8	17	18	19	29	9	
29	38	47	48	49	59	39	
46	47	56	57	58	68	67	
58	59	68	78	79	89	69	
80	81	91	92	90	
85	86	87	95	97	96	
88	89	98	99	
1	3	4	11	12	13	2	
15	23	24	25	34	35	14	
31	32	40	41	42	50	30	
76	78	86	87	88	97	77	
75	83	84	85	93	95	94	
31	32	40	41	42	21	
34	36	43	45	54	55	44	
41	50	51	61	62	70	60	
55	56	65	76	78	66	
17	18	27	28	36	37	26	
31	32	41	42	43	52	33	
53	54	55	63	65	73	64	
31	32	41	42	43	22	
72	80	81	82	91	92	71	
65	72	73	82	83	74	
formed clusters after phase II is: 
1	10	20	0	
6	7	16	5	
8	17	18	19	29	9	
38	47	48	49	59	39	
46	57	58	67	
68	79	69	
80	91	90	
86	87	97	96	
89	98	99	
3	4	11	12	13	2	
15	23	24	25	35	14	
30	
88	77	
75	83	84	85	93	95	94	
31	40	21	
34	45	44	
41	50	51	61	62	70	60	
56	76	78	66	
27	28	36	37	26	
52	33	
53	54	55	63	65	73	64	
32	42	43	22	
72	81	82	92	71	
74	
Now, after clarification, the number of all nodes involved is 100
-----------------1---------------
--------------2-------------------
--------------3-------------------
--------------3-------------------
--------------3-------------------
seed is 38

void computeDistance() is OK

xxxxx
xxxxx
xxxxx
the number of all nodes involved is 154
the sum of ai on all nodes after phaseI is 10000000
formed clusters after phase I is: 
1	10	11	12	20	0	
3	4	6	7	17	26	5	
8	18	19	9	
2	3	22	23	24	14	
20	21	31	32	40	41	30	
32	34	42	43	44	53	33	
39	49	58	68	69	59	
52	62	64	72	73	74	63	
64	66	67	75	76	85	65	
68	69	77	78	88	89	79	
70	71	80	81	91	92	90	
82	83	84	85	93	95	94	
2	3	11	12	21	22	13	
4	24	25	34	35	36	15	
28	29	37	39	48	49	38	
40	41	51	61	70	71	50	
35	46	47	66	67	76	56	
78	87	88	89	97	98	99	
7	17	26	27	35	36	16	
36	44	53	54	55	64	45	
47	66	67	68	76	77	57	
51	61	70	71	80	60	
85	87	95	96	97	98	86	
formed clusters after phase II is: 
1	10	11	0	
4	6	5	
8	18	19	9	
23	14	
20	21	31	32	30	
34	42	43	33	
49	58	59	
52	62	72	73	74	63	
75	65	
68	69	77	78	89	79	
70	71	80	81	91	92	90	
82	83	84	93	94	
2	3	12	22	13	
24	25	35	36	15	
28	29	37	39	48	38	
40	41	51	50	
46	56	
88	99	
7	17	26	27	16	
44	53	54	55	64	45	
47	66	67	76	57	
61	60	
85	87	95	96	97	98	86	
Now, after clarification, the number of all nodes involved is 100
-----------------1---------------
--------------2-------------------
--------------3-------------------
--------------3-------------------
--------------3-------------------
seed is 39

void computeDistance() is OK

xxxxx
xxxxx
xxxxx
xxxxx
xxxxx
the number of all nodes involved is 143
the sum of ai on all nodes after phaseI is 10000000
formed clusters after phase I is: 
1	3	11	12	13	2	
4	5	7	14	15	16	6	
8	19	29	9	
0	11	20	21	30	10	
21	23	24	32	33	34	22	
26	27	35	37	36	
30	31	41	50	51	40	
35	42	43	45	53	54	44	
28	29	38	39	49	
43	51	53	61	62	63	52	
80	91	90	
88	89	97	98	99	
7	8	18	19	27	28	17	
13	14	23	24	34	35	25	
48	56	57	58	67	68	47	
50	61	70	71	80	81	60	
64	65	72	74	83	84	73	
72	82	83	91	93	94	92	
86	87	88	95	97	98	96	
55	56	57	65	66	67	46	
58	68	69	79	59	
77	79	87	88	89	98	78	
64	74	75	85	86	87	76	
formed clusters after phase II is: 
1	3	11	12	13	2	
4	5	15	16	6	
19	9	
0	20	21	10	
23	24	32	33	34	22	
26	37	36	
30	31	41	50	51	40	
42	45	54	44	
29	38	39	49	
43	53	61	62	63	52	
80	90	
99	
7	8	18	27	28	17	
14	35	25	
48	47	
70	71	81	60	
84	73	
72	82	83	91	93	94	92	
88	95	97	98	96	
55	56	57	65	66	67	46	
58	68	69	59	
77	79	89	78	
64	74	75	85	86	87	76	
Now, after clarification, the number of all nodes involved is 100
-----------------1---------------
--------------2-------------------
--------------3-------------------
--------------3-------------------
--------------3-------------------
seed is 40

void computeDistance() is OK

xxxxx
xxxxx
xxxxx
xxxxx
xxxxx
xxxxx
the number of all nodes involved is 146
the sum of ai on all nodes after phaseI is 10000000
formed clusters after phase I is: 
1	2	10	11	12	0	
7	8	17	18	19	29	9	
13	22	23	32	34	42	33	
29	38	48	49	39	
30	40	41	51	60	61	50	
71	80	81	91	92	90	
83	84	91	92	94	95	93	
79	89	97	98	99	
2	4	12	13	14	23	3	
10	11	21	30	31	40	20	
5	14	15	16	25	26	24	
25	26	35	37	45	46	36	
42	44	45	52	53	54	43	
49	57	58	68	69	79	59	
61	62	71	72	80	81	70	
81	83	91	92	94	82	
84	85	86	87	95	97	96	
17	18	25	26	27	28	6	
46	47	55	58	66	67	56	
63	65	73	74	75	85	64	
78	85	86	87	88	76	
78	79	87	88	89	98	77	
formed clusters after phase II is: 
1	2	12	0	
7	8	17	18	19	29	9	
22	32	34	33	
38	48	39	
41	51	60	50	
71	80	90	
93	
89	97	98	99	
4	13	14	23	3	
10	11	21	30	31	40	20	
5	15	16	24	
35	37	45	36	
42	44	52	53	54	43	
49	57	58	68	69	79	59	
61	62	72	70	
81	83	91	92	94	82	
84	86	87	95	96	
25	26	27	28	6	
46	47	55	66	67	56	
63	65	73	74	75	64	
85	76	
78	88	77	
Now, after clarification, the number of all nodes involved is 100
-----------------1---------------
--------------2-------------------
--------------3-------------------
--------------3-------------------
--------------3-------------------
seed is 41

void computeDistance() is OK

xxxxx
xxxxx
xxxxx
xxxxx
the number of all nodes involved is 148
the sum of ai on all nodes after phaseI is 10000000
formed clusters after phase I is: 
1	2	10	11	0	
5	7	15	16	17	6	
8	18	19	9	
47	48	54	55	65	66	56	
48	49	58	68	69	59	
64	71	72	73	74	83	63	
55	64	65	66	74	84	75	
77	78	85	86	87	97	76	
69	78	88	89	98	79	
80	81	91	90	
82	83	84	92	94	93	
88	89	97	98	99	
11	12	13	21	22	
13	14	25	34	35	36	24	
19	28	29	37	38	49	39	
52	53	54	55	64	43	
54	55	64	65	66	45	
48	58	67	68	69	77	57	
85	86	94	96	95	
2	4	5	12	13	14	3	
28	36	37	38	46	47	26	
20	21	30	40	41	50	31	
28	29	36	37	38	46	27	
52	60	61	62	70	71	51	
formed clusters after phase II is: 
1	2	10	11	0	
5	7	15	16	17	6	
8	18	9	
56	
48	49	59	
72	73	63	
55	64	65	66	74	75	
86	87	76	
69	78	88	89	98	79	
80	81	91	90	
82	83	84	92	94	93	
97	99	
21	22	
25	34	35	24	
19	28	29	37	38	39	
53	43	
54	45	
58	67	68	77	57	
85	96	95	
4	12	13	14	3	
47	26	
20	30	40	41	50	31	
36	46	27	
52	60	61	62	70	71	51	
Now, after clarification, the number of all nodes involved is 95
-----------------1---------------
--------------2-------------------
--------------3-------------------
--------------3-------------------
--------------3-------------------
seed is 42

void computeDistance() is OK

xxxxx
xxxxx
xxxxx
xxxxx
xxxxx
the number of all nodes involved is 162
the sum of ai on all nodes after phaseI is 10000000
formed clusters after phase I is: 
1	10	11	20	0	
1	3	4	11	12	13	2	
5	6	8	16	17	18	7	
8	18	19	9	
27	28	29	38	48	49	39	
30	31	41	50	51	40	
34	35	43	45	54	55	44	
80	81	91	90	
84	85	86	93	95	96	94	
79	88	89	98	99	
15	16	24	26	34	35	25	
38	45	46	47	48	55	36	
54	55	63	64	65	74	53	
48	49	58	68	69	59	
60	62	70	71	72	81	61	
81	83	84	91	92	93	82	
86	87	88	95	96	98	97	
6	13	15	16	23	24	14	
21	22	23	31	32	41	33	
27	28	45	46	47	48	37	
31	41	43	52	54	63	42	
55	57	65	66	67	76	56	
67	69	77	79	88	89	78	
74	76	77	84	85	86	75	
83	84	85	92	93	73	
formed clusters after phase II is: 
1	10	20	0	
3	4	11	12	2	
5	17	7	
8	18	19	9	
29	49	39	
30	31	41	50	51	40	
44	
80	91	90	
85	95	96	94	
89	98	99	
26	34	35	25	
38	36	
64	65	53	
48	58	68	69	59	
60	62	70	71	72	61	
81	83	84	92	93	82	
86	87	97	
6	13	15	16	23	24	14	
21	22	32	33	
27	28	45	46	47	37	
43	52	54	63	42	
55	57	66	56	
67	77	79	88	78	
74	76	75	
73	
Now, after clarification, the number of all nodes involved is 100
-----------------1---------------
--------------2-------------------
--------------3-------------------
--------------3-------------------
--------------3-------------------
seed is 43

void computeDistance() is OK

xxxxx
xxxxx
xxxxx
xxxxx
xxxxx
xxxxx
xxxxx
the number of all nodes involved is 160
the sum of ai on all nodes after phaseI is 10000000
formed clusters after phase I is: 
0	1	3	11	12	13	2	
7	8	17	18	19	9	
0	1	11	20	10	
30	31	32	33	41	42	21	
18	19	28	38	39	29	
60	61	63	71	72	73	62	
78	79	87	88	98	99	89	
81	82	90	91	93	92	
82	83	84	93	95	94	
85	86	87	95	97	96	
6	7	16	5	
14	23	24	34	25	
30	31	41	50	51	60	40	
60	61	71	80	81	90	70	
3	12	13	14	23	24	4	
43	53	54	55	64	65	44	
31	32	33	41	42	43	22	
37	46	47	55	56	65	45	
54	61	63	64	73	52	
73	75	76	83	84	85	74	
28	36	37	46	47	26	
64	65	67	75	76	77	66	
18	19	28	38	39	48	27	
59	67	68	69	77	57	
39	48	58	59	68	69	49	
formed clusters after phase II is: 
11	2	
8	17	18	19	9	
0	1	20	10	
32	33	42	21	
29	
71	72	62	
78	79	87	88	98	99	89	
81	91	92	
82	83	93	95	94	
86	97	96	
6	7	16	5	
23	34	25	
30	31	41	50	51	60	40	
80	90	70	
3	12	13	14	24	4	
53	44	
43	22	
55	56	45	
54	61	63	52	
73	84	85	74	
36	37	46	47	26	
64	65	75	76	66	
28	38	27	
67	77	57	
39	48	58	59	68	69	49	
Now, after clarification, the number of all nodes involved is 98
-----------------1---------------
--------------2-------------------
--------------3-------------------
--------------3-------------------
--------------3-------------------
seed is 44

void computeDistance() is OK

xxxxx
xxxxx
xxxxx
xxxxx
the number of all nodes involved is 126
the sum of ai on all nodes after phaseI is 10000000
formed clusters after phase I is: 
1	10	11	20	0	
5	7	15	16	17	6	
8	18	19	9	
30	31	41	42	50	51	40	
48	57	58	59	68	69	49	
69	78	79	88	99	89	
80	81	90	92	91	
87	88	97	99	98	
3	4	12	14	15	13	
15	16	26	36	37	46	25	
21	31	32	
19	28	29	38	48	39	
62	70	71	72	80	81	60	
73	82	83	84	85	94	74	
66	76	77	85	86	87	75	
1	3	4	12	14	2	
46	47	48	57	66	67	56	
62	71	72	73	82	83	63	
85	86	93	94	96	97	95	
29	37	38	47	48	27	
61	62	71	72	52	
formed clusters after phase II is: 
1	10	11	20	0	
5	7	17	6	
8	18	19	9	
30	41	42	50	51	40	
57	58	59	68	49	
69	78	79	89	
80	81	90	92	91	
88	97	99	98	
12	14	15	13	
16	26	36	25	
21	31	32	
28	29	38	39	
70	60	
84	74	
66	76	77	86	87	75	
3	4	2	
46	67	56	
73	82	83	63	
85	93	94	96	95	
37	47	48	27	
61	62	71	72	52	
Now, after clarification, the number of all nodes involved is 86
-----------------1---------------
--------------2-------------------
--------------3-------------------
--------------3-------------------
--------------3-------------------
seed is 45

void computeDistance() is OK

xxxxx
xxxxx
xxxxx
xxxxx
xxxxx
the number of all nodes involved is 162
the sum of ai on all nodes after phaseI is 10000000
formed clusters after phase I is: 
3	5	13	14	15	4	
5	6	8	16	17	18	7	
8	18	19	29	9	
23	32	33	34	41	42	43	
58	59	68	78	79	89	69	
80	81	82	90	91	93	92	
73	83	84	85	93	95	94	
78	79	89	98	99	
31	41	42	50	51	60	40	
45	53	54	55	63	64	44	
28	38	39	48	58	59	49	
42	50	51	61	63	72	52	
85	86	87	95	97	98	96	
5	13	14	23	34	35	24	
10	11	20	21	22	31	30	
61	63	71	72	73	82	62	
60	61	71	80	81	90	70	
73	75	76	83	84	85	74	
1	2	10	11	20	0	
1	2	3	11	13	21	12	
15	16	26	27	36	37	25	
46	56	66	67	75	76	65	
47	48	58	67	68	77	57	
78	79	87	89	97	98	88	
formed clusters after phase II is: 
5	4	
6	17	18	7	
8	19	29	9	
32	33	43	
69	
82	91	92	
73	83	84	85	93	94	
78	79	89	98	99	
41	42	40	
45	53	54	55	64	44	
28	38	39	59	49	
50	51	52	
86	95	97	96	
14	23	34	35	24	
22	31	30	
63	72	62	
60	61	71	80	81	90	70	
74	
1	2	10	11	20	0	
3	13	21	12	
15	16	26	27	36	37	25	
46	56	66	67	75	76	65	
47	48	58	68	77	57	
87	88	
Now, after clarification, the number of all nodes involved is 100
-----------------1---------------
--------------2-------------------
--------------3-------------------
--------------3-------------------
--------------3-------------------
seed is 46

void computeDistance() is OK

xxxxx
xxxxx
xxxxx
the number of all nodes involved is 160
the sum of ai on all nodes after phaseI is 10000000
formed clusters after phase I is: 
0	2	10	11	1	
4	7	15	16	24	25	5	
15	16	17	25	26	27	6	
18	19	28	38	39	49	29	
23	34	35	44	45	54	33	
35	37	38	46	47	48	36	
51	52	60	61	71	72	50	
64	66	67	74	75	76	65	
59	68	69	77	78	89	79	
81	82	83	90	91	93	92	
88	89	98	99	
7	9	17	18	19	28	8	
15	16	23	24	25	35	14	
30	31	32	41	42	51	40	
44	52	53	54	61	64	43	
58	64	66	67	76	56	
60	70	71	81	90	91	80	
82	83	85	93	94	95	84	
2	4	12	13	22	23	3	
0	10	11	12	21	22	20	
64	66	67	76	55	
47	48	49	58	59	69	57	
63	71	72	73	81	82	62	
77	87	88	95	96	97	86	
formed clusters after phase II is: 
0	2	10	11	1	
4	5	
26	27	6	
39	29	
34	45	33	
37	38	46	36	
50	
74	75	65	
59	68	69	78	79	
82	92	
88	89	98	99	
7	9	17	18	19	28	8	
15	16	24	25	35	14	
30	31	32	41	42	51	40	
44	52	53	54	61	43	
56	
60	70	81	90	91	80	
83	85	93	94	95	84	
13	23	3	
12	21	22	20	
64	66	67	76	55	
47	48	49	58	57	
63	71	72	73	62	
77	87	96	97	86	
Now, after clarification, the number of all nodes involved is 100
-----------------1---------------
--------------2-------------------
--------------3-------------------
--------------3-------------------
--------------3-------------------
seed is 47

void computeDistance() is OK

xxxxx
xxxxx
xxxxx
xxxxx
xxxxx
xxxxx
the number of all nodes involved is 159
the sum of ai on all nodes after phaseI is 10000000
formed clusters after phase I is: 
1	10	11	0	
1	2	4	11	12	13	3	
5	7	8	16	17	18	6	
8	18	19	9	
11	12	20	22	23	30	21	
28	29	38	49	39	
54	56	57	65	66	75	55	
40	50	51	61	70	80	60	
59	68	78	79	89	69	
70	80	81	91	90	
83	84	85	92	93	94	
76	84	85	86	96	97	95	
56	57	58	65	66	46	
76	83	84	85	86	93	74	
87	89	96	97	98	99	88	
25	26	35	37	45	47	36	
56	57	58	59	67	68	48	
54	63	64	65	72	73	53	
16	17	18	25	26	38	27	
23	32	33	34	44	45	43	
51	52	61	71	72	82	62	
68	76	78	86	87	77	
4	5	15	16	25	26	14	
31	32	40	41	52	42	
12	13	15	22	23	24	
formed clusters after phase II is: 
10	0	
1	2	4	11	3	
5	7	17	6	
8	18	19	9	
20	30	21	
28	29	38	49	39	
75	55	
40	50	51	60	
59	79	89	69	
70	80	81	91	90	
83	84	85	92	93	94	
95	
66	46	
74	
87	96	97	98	99	88	
35	37	47	36	
56	57	58	67	48	
54	63	64	65	73	53	
27	
33	34	44	45	43	
52	61	71	72	82	62	
68	76	78	86	77	
15	16	25	26	14	
31	32	41	42	
12	13	22	23	24	
Now, after clarification, the number of all nodes involved is 100
-----------------1---------------
--------------2-------------------
--------------3-------------------
--------------3-------------------
--------------3-------------------
seed is 48

void computeDistance() is OK

xxxxx
xxxxx
xxxxx
xxxxx
the number of all nodes involved is 148
the sum of ai on all nodes after phaseI is 10000000
formed clusters after phase I is: 
1	10	0	
11	12	13	21	22	23	2	
3	5	13	14	15	23	4	
7	8	17	18	19	28	9	
28	29	38	48	49	59	39	
30	41	50	51	60	40	
42	43	45	53	54	55	44	
58	59	68	78	79	69	
80	81	82	91	90	
84	85	93	95	94	
79	87	88	89	98	99	
5	7	8	15	16	17	6	
10	11	21	22	30	31	20	
23	25	33	34	35	24	
64	65	72	73	74	83	63	
72	81	82	83	91	93	92	
86	87	88	89	96	98	97	
27	36	37	38	45	47	26	
30	31	41	42	52	53	32	
54	55	57	65	66	67	56	
61	70	71	72	73	82	62	
76	77	84	85	86	95	75	
55	57	65	66	67	46	
formed clusters after phase II is: 
1	0	
12	22	2	
3	13	14	23	4	
8	18	19	9	
28	29	38	48	49	59	39	
50	51	60	40	
43	44	
58	68	78	69	
80	81	91	90	
84	93	95	94	
79	89	99	
5	7	15	16	17	6	
10	11	21	30	31	20	
25	33	34	35	24	
64	65	74	63	
72	82	83	92	
86	87	88	96	98	97	
27	36	37	45	47	26	
41	42	52	53	32	
54	56	
61	70	71	73	62	
76	77	85	75	
55	57	66	67	46	
Now, after clarification, the number of all nodes involved is 100
-----------------1---------------
--------------2-------------------
--------------3-------------------
--------------3-------------------
--------------3-------------------
seed is 49

 final output of ROSS is:
average_CCC(size>1) = 2.11074
average_CCC(size>=1) = 2.18229
average_OCC = 0
number_clusters = 53.84
CI of number_clusters = 1.63328
average_size = 1.84994
average number of channels per node = 3.04
CI of average cluster size(size>1) = 0.241628
CI of average cluster size(size>=1) = 0.337338
CI of average_CCC (size>1)0.321356
CI of average_CCC (size>=1)0.337338
CI of average_OCC = 0
Average of products of size and number of ICC in the network is 211.64
CI of products of size and number of ICC in the network is 8.38532
average number of neighbors over 50 runs =9.4932
average percentage of overlapping nodes is = 0.4394
CI of percentage of overlapping nodes is 0
Average Number of claiming clusters is = 1.13219
CI of average number of claiming clusters is 0.0787464
Number of control messages in greedy phase is 0

---------only data bellow-----:
2.11074
2.18229
0
53.84
1.63328
1.84994
3.04
0.241628
0.337338
0.321356
0.337338
0
211.64
8.38532
9.4932
0.4394
0
2.26438
0.0787464
0
//output the number of nodes grouped into clusters with certain size
0
39.34
5
8.52
14.8
14.2
10.08
6.58


