
void computeDistance() is OK

xxxxx
xxxxx
xxxxx
the number of all nodes involved is 160
the sum of ai on all nodes after phaseI is 10000000
formed clusters after phase I is: 
3	4	6	15	16	24	5	
7	8	18	19	9	
14	23	24	25	33	34	36	43	44	45	35	
30	31	41	50	60	40	
31	32	41	43	51	52	53	61	42	
43	44	45	52	53	55	56	62	63	64	65	54	
39	48	49	58	68	69	59	
67	78	86	87	88	97	77	
68	69	78	88	89	79	
73	74	82	83	85	93	94	84	
80	81	82	91	92	90	
89	98	99	
1	2	3	11	13	21	22	12	
0	10	11	21	22	30	31	32	20	
6	7	15	16	17	24	25	27	28	36	26	
18	27	28	29	36	37	39	47	48	49	38	
27	36	37	47	48	57	58	67	46	
50	51	60	61	62	71	72	80	81	70	
55	64	65	66	74	76	85	94	75	
86	87	94	96	97	95	
formed clusters after phase II is: 
3	4	6	15	16	24	5	
7	8	18	19	9	
14	23	33	34	35	
40	
31	32	41	42	
43	44	45	52	53	56	63	54	
49	58	69	59	
67	77	
68	78	88	89	79	
73	74	82	83	85	93	94	84	
91	92	90	
98	99	
1	2	11	13	21	22	12	
0	10	30	20	
17	25	26	
28	29	39	38	
27	36	37	47	48	57	46	
50	51	60	61	62	71	72	80	81	70	
55	64	65	66	76	75	
86	87	96	97	95	
Now, after clarification, the number of all nodes involved is 100
-----------------1---------------
--------------2-------------------
--------------3-------------------
--------------3-------------------
--------------3-------------------
seed is 0

void computeDistance() is OK

xxxxx
xxxxx
xxxxx
the number of all nodes involved is 160
the sum of ai on all nodes after phaseI is 10000000
formed clusters after phase I is: 
3	4	6	15	16	24	5	
7	8	18	19	9	
14	23	24	25	33	34	36	43	44	45	35	
30	31	41	50	60	40	
31	32	41	43	51	52	53	61	42	
43	44	45	52	53	55	56	62	63	64	65	54	
39	48	49	58	68	69	59	
67	78	86	87	88	97	77	
68	69	78	88	89	79	
73	74	82	83	85	93	94	84	
80	81	82	91	92	90	
89	98	99	
1	2	3	11	13	21	22	12	
0	10	11	21	22	30	31	32	20	
6	7	15	16	17	24	25	27	28	36	26	
18	27	28	29	36	37	39	47	48	49	38	
27	36	37	47	48	57	58	67	46	
50	51	60	61	62	71	72	80	81	70	
55	64	65	66	74	76	85	94	75	
86	87	94	96	97	95	
formed clusters after phase II is: 
3	4	6	15	16	24	5	
7	8	18	19	9	
14	23	33	34	35	
40	
31	32	41	42	
43	44	45	52	53	56	63	54	
49	58	69	59	
67	77	
68	78	88	89	79	
73	74	82	83	85	93	94	84	
91	92	90	
98	99	
1	2	11	13	21	22	12	
0	10	30	20	
17	25	26	
28	29	39	38	
27	36	37	47	48	57	46	
50	51	60	61	62	71	72	80	81	70	
55	64	65	66	76	75	
86	87	96	97	95	
Now, after clarification, the number of all nodes involved is 100
-----------------1---------------
--------------2-------------------
--------------3-------------------
--------------3-------------------
--------------3-------------------
seed is 1

void computeDistance() is OK

xxxxx
xxxxx
xxxxx
xxxxx
the number of all nodes involved is 155
the sum of ai on all nodes after phaseI is 10000000
formed clusters after phase I is: 
4	5	7	15	16	6	
7	9	18	19	29	8	
0	1	11	20	21	10	
15	16	17	26	27	37	46	47	36	
27	28	29	37	39	47	48	49	58	38	
37	44	46	47	55	56	57	65	45	
50	51	61	70	60	
49	58	59	67	68	78	79	69	
86	87	95	96	98	97	
87	88	89	98	99	
2	4	12	13	14	22	3	
5	15	16	17	23	24	26	34	35	44	25	
30	31	41	50	51	40	
41	42	43	51	52	53	54	61	63	64	72	62	
70	71	81	90	91	92	80	
13	22	23	24	32	34	35	42	43	44	52	33	
63	64	71	72	74	82	83	84	85	93	73	
55	64	65	66	74	76	77	84	85	86	75	
83	84	85	86	93	95	96	94	
formed clusters after phase II is: 
4	5	7	15	16	6	
9	18	19	29	8	
0	1	11	20	21	10	
36	
27	28	37	39	47	48	38	
46	56	57	45	
70	60	
49	58	59	67	68	78	79	69	
96	97	
87	88	89	98	99	
2	12	13	14	22	3	
17	26	25	
30	31	41	50	40	
42	43	51	52	53	54	61	62	
81	90	91	92	80	
23	24	32	34	35	44	33	
63	64	71	72	82	83	93	73	
55	65	66	74	76	77	75	
84	85	86	95	94	
Now, after clarification, the number of all nodes involved is 100
-----------------1---------------
--------------2-------------------
--------------3-------------------
--------------3-------------------
--------------3-------------------
seed is 2

void computeDistance() is OK

xxxxx
xxxxx
xxxxx
xxxxx
the number of all nodes involved is 185
the sum of ai on all nodes after phaseI is 10000000
formed clusters after phase I is: 
7	8	18	19	9	
3	4	12	13	23	
30	31	41	50	40	
37	38	46	48	49	55	56	57	58	66	47	
53	54	62	63	65	73	74	75	84	85	64	
59	68	78	79	89	69	
70	80	81	91	90	
82	83	84	92	94	95	93	
78	87	88	89	97	98	99	
0	2	10	11	12	1	
12	21	30	31	32	41	42	22	
24	34	35	41	42	43	44	33	
29	37	38	48	49	58	39	
50	61	70	80	81	60	
56	57	58	65	66	68	76	77	78	79	87	88	67	
62	63	71	73	80	81	82	83	72	
75	84	85	86	94	95	97	96	
3	4	5	12	13	15	16	25	26	14	
0	10	11	21	30	31	20	
7	17	18	19	26	27	29	37	38	28	
24	25	26	34	35	36	43	44	46	54	55	56	45	
41	42	43	51	53	54	61	62	63	73	52	
5	7	8	15	16	17	6	
formed clusters after phase II is: 
9	
23	
40	
47	
74	64	
59	69	
91	90	
83	92	93	
89	98	99	
0	2	10	1	
31	32	22	
33	
29	37	38	48	49	39	
50	61	70	80	81	60	
56	57	58	65	66	68	76	77	78	79	87	88	67	
62	63	71	82	72	
75	84	85	86	94	95	97	96	
3	4	12	13	15	25	14	
11	21	30	20	
18	19	26	27	28	
24	34	35	36	44	46	55	45	
41	42	43	51	53	54	73	52	
5	7	8	16	17	6	
Now, after clarification, the number of all nodes involved is 100
-----------------1---------------
--------------2-------------------
--------------3-------------------
--------------3-------------------
--------------3-------------------
seed is 3

void computeDistance() is OK

xxxxx
xxxxx
xxxxx
xxxxx
xxxxx
the number of all nodes involved is 181
the sum of ai on all nodes after phaseI is 10000000
formed clusters after phase I is: 
7	8	18	19	9	
2	3	4	11	12	22	23	13	
3	4	5	15	16	24	25	14	
69	77	78	88	89	98	79	
80	81	91	90	
84	85	86	93	94	96	95	
87	88	89	98	99	
0	2	10	11	12	1	
5	7	8	15	16	17	6	
35	45	54	55	56	44	
50	51	60	61	71	80	81	70	
76	77	78	86	87	88	96	98	97	
22	32	33	42	52	53	54	43	
25	26	27	35	36	37	45	47	48	55	56	57	46	
64	65	67	75	76	77	85	86	66	
11	12	20	22	23	30	31	32	33	21	
38	39	47	48	49	57	59	68	69	58	
63	64	65	72	73	75	83	84	85	93	94	74	
18	19	28	38	39	48	49	29	
30	31	41	50	51	60	40	
42	50	51	52	53	60	61	63	71	72	73	81	82	62	
71	72	73	81	82	83	84	91	93	92	
formed clusters after phase II is: 
18	19	9	
3	4	23	13	
15	16	24	25	14	
69	79	
80	81	91	90	
85	95	
89	99	
0	2	10	1	
5	7	8	17	6	
44	
50	51	60	61	71	70	
76	77	78	86	87	88	96	98	97	
42	54	43	
26	27	35	36	37	45	55	56	46	
65	67	66	
11	12	20	22	31	32	33	21	
47	57	59	68	58	
64	75	94	74	
28	38	39	48	49	29	
30	41	40	
52	53	63	73	62	
72	82	83	84	93	92	
Now, after clarification, the number of all nodes involved is 99
-----------------1---------------
--------------2-------------------
--------------3-------------------
--------------3-------------------
--------------3-------------------
seed is 4

void computeDistance() is OK

xxxxx
xxxxx
xxxxx
xxxxx
xxxxx
the number of all nodes involved is 150
the sum of ai on all nodes after phaseI is 10000000
formed clusters after phase I is: 
1	10	11	0	
8	18	19	9	
18	19	28	37	38	39	29	
68	69	78	89	79	
82	83	90	91	93	92	
84	85	93	95	96	94	
3	5	6	15	16	4	
3	12	23	13	
25	26	27	36	44	45	46	35	
44	45	46	52	53	55	54	
52	53	62	71	72	73	74	84	63	
87	88	89	97	98	99	
1	3	10	11	12	2	
6	8	15	16	17	18	26	7	
22	31	32	41	42	52	53	43	
46	47	57	58	66	67	68	76	77	56	
1	10	11	12	20	22	30	31	32	21	
40	41	42	51	52	60	61	62	50	
47	48	49	58	67	68	69	59	
74	76	77	84	85	86	95	75	
60	61	62	71	72	80	81	82	90	91	70	
formed clusters after phase II is: 
10	0	
8	9	
19	28	37	38	39	29	
78	89	79	
83	91	93	92	
95	96	94	
5	15	4	
3	23	13	
25	27	36	35	
44	45	55	54	
52	53	73	63	
87	88	97	98	99	
1	11	2	
6	16	17	18	26	7	
43	
46	47	57	66	56	
12	20	22	30	31	32	21	
40	41	42	51	50	
48	49	58	67	68	69	59	
74	76	77	84	85	86	75	
60	61	62	71	72	80	81	82	90	70	
Now, after clarification, the number of all nodes involved is 94
-----------------1---------------
--------------2-------------------
--------------3-------------------
--------------3-------------------
--------------3-------------------
seed is 5

void computeDistance() is OK

xxxxx
xxxxx
xxxxx
xxxxx
xxxxx
the number of all nodes involved is 172
the sum of ai on all nodes after phaseI is 10000000
formed clusters after phase I is: 
1	2	10	11	12	0	
3	5	6	14	15	4	
5	6	8	16	17	18	7	
8	17	18	19	29	9	
30	31	41	50	51	40	
22	31	32	33	41	43	44	52	53	42	
50	51	61	62	70	71	80	60	
73	74	75	83	85	93	94	95	84	
80	81	91	90	
81	82	83	91	93	92	
79	88	89	98	99	
1	10	11	12	21	30	31	20	
58	66	67	68	77	57	
85	86	87	94	95	97	96	
37	38	39	48	49	58	59	67	68	69	47	
45	54	63	64	74	75	76	65	
8	16	17	18	19	27	29	37	38	39	48	28	
16	24	25	26	27	34	35	37	45	36	
51	52	53	61	62	63	64	70	71	73	82	83	72	
59	67	68	69	77	79	87	88	89	98	78	
3	12	13	14	15	22	24	25	32	33	34	44	23	
formed clusters after phase II is: 
1	2	10	12	0	
3	14	15	4	
5	6	8	16	17	18	7	
19	9	
41	50	40	
43	42	
51	61	62	70	71	60	
73	74	75	85	94	84	
80	90	
81	82	83	91	93	92	
89	98	99	
11	21	30	31	20	
66	57	
86	87	95	97	96	
48	49	58	47	
45	54	63	64	76	65	
27	29	38	39	28	
26	35	37	36	
52	53	72	
59	67	68	69	77	79	88	78	
13	22	24	25	32	33	34	44	23	
Now, after clarification, the number of all nodes involved is 97
-----------------1---------------
--------------2-------------------
--------------3-------------------
--------------3-------------------
--------------3-------------------
seed is 6

void computeDistance() is OK

xxxxx
xxxxx
xxxxx
xxxxx
xxxxx
xxxxx
the number of all nodes involved is 164
the sum of ai on all nodes after phaseI is 10000000
formed clusters after phase I is: 
7	9	17	18	8	
0	1	11	20	30	10	
21	22	23	31	33	41	42	43	32	
23	24	25	34	35	
39	48	58	59	69	49	
40	41	51	60	50	
71	80	90	70	
81	82	83	91	93	94	92	
75	84	85	86	94	96	97	95	
9	17	18	28	29	39	19	
36	46	54	55	45	
31	40	41	42	43	51	53	60	61	62	63	72	52	
16	17	26	27	28	29	36	38	37	
24	33	34	42	43	53	54	64	44	
53	54	64	74	75	77	65	
75	76	77	85	86	87	66	
5	7	15	16	17	18	26	27	6	
48	58	59	68	69	77	78	57	
53	61	62	63	64	71	72	74	82	83	84	93	73	
2	3	5	12	13	14	15	4	
68	69	78	87	88	89	99	79	
87	88	89	97	99	98	
formed clusters after phase II is: 
7	9	17	8	
0	1	11	20	30	10	
21	22	23	31	32	
25	35	
48	58	59	69	49	
40	41	51	60	50	
80	90	70	
81	82	83	91	93	94	92	
75	85	86	96	95	
18	28	29	39	19	
46	55	45	
52	
36	38	37	
24	33	34	42	43	44	
54	77	65	
76	66	
5	15	16	26	27	6	
68	57	
53	61	62	63	64	71	72	74	84	73	
2	3	12	13	14	4	
78	79	
87	88	89	97	99	98	
Now, after clarification, the number of all nodes involved is 97
-----------------1---------------
--------------2-------------------
--------------3-------------------
--------------3-------------------
--------------3-------------------
seed is 7

void computeDistance() is OK

xxxxx
xxxxx
xxxxx
xxxxx
the number of all nodes involved is 167
the sum of ai on all nodes after phaseI is 10000000
formed clusters after phase I is: 
1	2	10	11	12	20	0	
6	8	16	17	18	26	27	7	
8	18	19	9	
20	21	31	32	40	41	30	
28	38	39	48	58	59	69	49	
40	41	51	52	60	61	62	50	
80	81	82	90	91	93	92	
74	83	84	93	95	96	94	
78	88	89	97	98	99	
8	17	18	19	27	28	38	39	48	29	
23	31	32	33	41	42	52	53	43	
24	33	34	35	36	45	46	55	44	
59	67	68	69	78	88	89	79	
3	5	6	13	14	15	23	24	25	4	
1	2	10	11	12	21	23	31	32	33	41	42	22	
28	36	37	38	39	45	46	48	56	57	58	67	47	
53	55	62	64	65	72	73	74	63	
60	61	62	70	72	80	81	82	90	91	71	
65	66	74	75	76	77	83	84	86	87	95	96	85	
formed clusters after phase II is: 
1	2	10	11	12	20	0	
6	16	17	26	27	7	
8	18	19	9	
31	30	
48	58	59	49	
40	41	51	52	50	
80	81	82	90	91	93	92	
74	83	84	95	96	94	
97	98	99	
28	38	39	29	
43	
24	34	35	45	44	
68	69	78	88	89	79	
3	5	13	14	15	25	4	
21	23	32	33	42	22	
36	37	46	56	57	67	47	
53	55	62	64	65	72	73	63	
60	61	70	71	
66	75	76	77	86	87	85	
Now, after clarification, the number of all nodes involved is 99
-----------------1---------------
--------------2-------------------
--------------3-------------------
--------------3-------------------
--------------3-------------------
seed is 8

void computeDistance() is OK

xxxxx
xxxxx
xxxxx
xxxxx
the number of all nodes involved is 163
the sum of ai on all nodes after phaseI is 10000000
formed clusters after phase I is: 
1	2	10	11	0	
2	4	12	13	14	24	3	
4	6	7	15	16	5	
8	19	9	
19	28	38	39	48	49	29	
40	41	51	60	61	50	
39	48	49	57	58	68	69	59	
60	71	80	81	90	70	
82	83	84	85	93	95	96	94	
88	89	98	99	
12	20	21	22	30	32	40	41	42	31	
35	44	46	47	54	55	45	
52	53	54	61	62	73	63	
68	69	77	78	88	89	98	79	
15	16	25	26	27	28	37	46	47	36	
61	62	71	73	80	81	82	83	91	92	72	
55	65	66	75	76	83	84	85	74	
6	7	8	15	16	18	19	26	27	28	17	
23	24	25	32	33	43	44	53	54	34	
46	47	48	55	57	65	66	67	76	56	
76	77	85	86	87	88	95	96	98	97	
formed clusters after phase II is: 
1	10	11	0	
2	12	13	14	3	
4	6	7	5	
8	19	9	
28	38	39	48	49	29	
51	50	
58	59	
60	90	70	
82	83	84	93	94	
99	
20	21	22	30	40	41	42	31	
35	45	
52	63	
68	69	77	78	88	89	98	79	
25	27	37	36	
61	62	71	73	80	81	91	92	72	
75	74	
15	16	18	26	17	
23	24	32	33	43	44	53	54	34	
46	47	55	57	65	66	67	76	56	
85	86	87	95	96	97	
Now, after clarification, the number of all nodes involved is 99
-----------------1---------------
--------------2-------------------
--------------3-------------------
--------------3-------------------
--------------3-------------------
seed is 9

void computeDistance() is OK

xxxxx
xxxxx
xxxxx
the number of all nodes involved is 156
the sum of ai on all nodes after phaseI is 10000000
formed clusters after phase I is: 
1	2	10	11	12	0	
3	5	13	14	4	
8	17	18	19	9	
13	14	15	16	23	25	26	33	34	35	24	
19	28	38	39	49	29	
11	20	21	31	40	41	42	30	
40	41	51	60	61	70	50	
36	37	45	46	47	55	57	65	66	56	
67	68	76	78	85	86	87	88	97	77	
80	91	92	90	
75	83	84	85	94	96	95	
89	98	99	
7	8	15	16	17	18	25	27	28	6	
32	33	34	35	43	45	46	52	53	54	55	44	
48	49	58	68	69	79	59	
72	73	81	83	84	91	92	93	94	82	
2	10	11	12	20	21	23	31	32	42	22	
41	51	52	53	61	63	71	72	73	81	62	
54	55	63	65	66	73	74	75	76	83	84	85	64	
formed clusters after phase II is: 
1	2	10	11	0	
3	5	13	14	4	
9	
23	26	24	
19	38	39	49	29	
30	
40	60	70	50	
36	37	45	46	47	55	57	66	56	
67	68	76	78	86	87	88	97	77	
80	91	92	90	
75	84	85	94	96	95	
89	98	99	
7	8	15	16	17	18	25	27	28	6	
33	34	35	43	44	
48	58	69	79	59	
72	73	81	83	93	82	
12	20	21	31	32	42	22	
41	51	52	53	61	63	71	62	
54	65	74	64	
Now, after clarification, the number of all nodes involved is 100
-----------------1---------------
--------------2-------------------
--------------3-------------------
--------------3-------------------
--------------3-------------------
seed is 10

void computeDistance() is OK

xxxxx
xxxxx
the number of all nodes involved is 163
the sum of ai on all nodes after phaseI is 10000000
formed clusters after phase I is: 
1	2	10	11	20	0	
1	2	4	12	13	14	3	
4	6	14	15	16	5	
6	8	16	17	18	7	
8	18	19	28	29	9	
12	13	21	22	23	24	31	32	34	42	43	33	
25	26	27	35	37	38	46	47	48	56	36	
29	38	48	49	59	39	
40	41	50	51	61	62	70	71	60	
58	59	68	77	78	79	69	
53	54	55	63	64	65	73	75	83	84	74	
71	72	73	81	83	91	92	93	94	82	
71	80	81	91	92	90	
79	88	89	98	99	
20	21	22	31	40	41	50	51	30	
34	35	43	44	46	53	54	55	63	64	65	66	45	
31	41	42	43	44	51	53	54	61	62	63	52	
46	47	48	56	57	58	65	66	68	76	77	67	
75	84	85	86	87	94	95	97	96	
formed clusters after phase II is: 
10	11	0	
1	2	4	12	13	14	3	
15	5	
6	8	16	17	7	
18	19	28	29	9	
22	23	24	32	34	33	
25	26	27	37	36	
38	49	59	39	
70	71	60	
78	79	69	
54	64	75	84	74	
72	73	83	93	82	
80	81	91	92	90	
88	89	98	99	
20	21	40	50	30	
35	46	55	65	66	45	
31	41	42	43	44	51	53	61	62	63	52	
47	48	56	57	58	68	76	77	67	
85	86	87	94	95	97	96	
Now, after clarification, the number of all nodes involved is 100
-----------------1---------------
--------------2-------------------
--------------3-------------------
--------------3-------------------
--------------3-------------------
seed is 11

void computeDistance() is OK

xxxxx
xxxxx
xxxxx
xxxxx
the number of all nodes involved is 170
the sum of ai on all nodes after phaseI is 10000000
formed clusters after phase I is: 
1	2	4	5	11	12	13	14	23	3	
8	18	19	29	9	
20	31	32	40	41	50	30	
13	22	23	24	25	33	35	43	44	34	
29	38	39	48	58	59	49	
56	57	65	67	68	75	76	77	86	66	
80	91	90	
82	83	84	91	92	94	93	
76	85	86	87	95	97	96	
88	89	97	98	99	
1	2	10	11	12	20	21	0	
4	5	7	14	15	16	25	6	
15	24	25	26	35	37	44	45	46	47	57	36	
32	33	41	43	44	51	52	53	54	42	
40	50	51	52	61	70	71	60	
58	59	68	78	79	89	69	
7	8	16	17	18	26	28	29	37	38	39	27	
43	44	45	46	53	54	56	64	65	55	
61	62	70	71	72	73	80	82	83	91	81	
62	63	64	65	72	73	75	83	84	85	94	95	74	
formed clusters after phase II is: 
12	13	23	3	
8	18	19	29	9	
31	40	30	
22	34	
39	48	58	49	
67	77	66	
80	91	90	
92	94	93	
76	86	87	95	96	
88	97	98	99	
1	2	10	11	20	21	0	
4	5	14	15	16	25	6	
24	35	46	47	57	36	
32	33	41	53	42	
50	51	52	61	60	
59	68	78	79	89	69	
7	17	26	28	37	38	27	
43	44	45	54	56	55	
70	71	73	82	81	
62	63	64	65	72	75	83	84	85	74	
Now, after clarification, the number of all nodes involved is 100
-----------------1---------------
--------------2-------------------
--------------3-------------------
--------------3-------------------
--------------3-------------------
seed is 12

void computeDistance() is OK

xxxxx
xxxxx
xxxxx
the number of all nodes involved is 181
the sum of ai on all nodes after phaseI is 10000000
formed clusters after phase I is: 
2	4	5	13	14	3	
24	25	26	34	36	44	45	46	47	55	56	35	
29	38	48	49	58	59	39	
30	41	50	51	61	40	
32	41	42	43	51	53	54	61	62	52	
50	61	70	71	80	60	
58	59	68	78	79	89	69	
62	63	71	73	74	81	82	83	84	93	72	
73	74	83	84	85	86	93	95	96	94	
79	88	89	98	99	
4	5	7	15	16	17	6	
7	9	17	18	19	28	29	8	
10	12	20	21	22	23	30	32	41	42	51	31	
13	14	15	22	23	24	25	32	34	42	43	44	33	
16	17	26	27	28	36	38	46	47	48	49	37	
53	54	55	62	63	65	66	73	74	75	76	84	64	
80	81	82	83	90	91	93	92	
77	86	87	88	96	98	97	
1	2	10	11	12	20	21	0	
38	45	46	47	48	56	58	59	66	67	68	78	57	
formed clusters after phase II is: 
13	14	3	
35	
48	49	39	
30	40	
61	52	
50	70	71	60	
58	59	68	78	69	
62	63	72	
73	74	83	84	85	93	95	94	
79	89	99	
4	5	15	16	6	
7	9	17	18	19	28	29	8	
22	23	32	41	51	31	
24	25	34	42	43	44	33	
26	27	36	38	37	
53	54	55	65	75	76	64	
80	81	82	90	91	92	
77	86	87	88	96	98	97	
1	2	10	11	12	20	21	0	
45	46	47	56	66	67	57	
Now, after clarification, the number of all nodes involved is 100
-----------------1---------------
--------------2-------------------
--------------3-------------------
--------------3-------------------
--------------3-------------------
seed is 13

void computeDistance() is OK

xxxxx
xxxxx
xxxxx
xxxxx
the number of all nodes involved is 154
the sum of ai on all nodes after phaseI is 10000000
formed clusters after phase I is: 
1	10	11	20	0	
2	4	12	13	3	
7	8	18	19	9	
60	61	71	80	70	
80	81	91	90	
88	89	97	98	99	
4	6	7	14	15	16	17	5	
7	17	18	19	26	27	29	39	28	
30	40	41	51	52	60	61	50	
44	45	46	54	56	64	55	
38	45	46	47	48	56	58	57	
75	84	94	95	85	
14	23	24	25	33	35	44	34	
33	42	44	51	52	53	54	62	63	64	43	
29	38	39	47	48	58	59	49	
54	62	63	64	73	75	83	84	74	
77	87	95	96	97	86	
81	82	83	84	91	92	94	93	
12	13	20	21	23	31	32	33	42	22	
48	58	59	68	69	77	78	79	67	
61	62	71	73	80	81	82	83	91	92	72	
formed clusters after phase II is: 
1	10	11	0	
2	3	
7	8	18	9	
70	
80	81	91	90	
88	89	98	99	
4	6	14	15	16	17	5	
19	26	27	28	
30	40	41	51	52	60	50	
55	
45	46	56	57	
85	
23	24	25	35	34	
42	44	53	63	43	
29	38	39	47	48	58	59	49	
54	64	75	74	
87	95	96	97	86	
82	83	84	92	94	93	
12	13	20	21	31	32	33	22	
68	69	77	78	79	67	
61	62	71	73	72	
Now, after clarification, the number of all nodes involved is 95
-----------------1---------------
--------------2-------------------
--------------3-------------------
--------------3-------------------
--------------3-------------------
seed is 14

void computeDistance() is OK

xxxxx
xxxxx
xxxxx
the number of all nodes involved is 162
the sum of ai on all nodes after phaseI is 10000000
formed clusters after phase I is: 
1	10	12	20	0	
5	6	8	16	17	26	7	
8	18	19	28	9	
18	28	29	38	48	49	39	
30	31	41	50	51	40	
33	34	35	42	43	45	53	54	55	44	
45	46	55	56	57	65	67	68	76	77	66	
58	59	68	69	78	88	89	79	
62	72	73	82	84	91	92	93	83	
75	84	85	86	93	95	96	94	
78	87	88	89	98	99	
2	3	5	13	14	15	4	
5	6	14	15	16	17	24	26	34	35	36	25	
11	21	22	23	30	31	33	41	42	43	52	32	
27	36	37	38	45	46	48	49	56	57	58	47	
51	52	53	60	62	70	71	72	73	81	61	
53	54	55	62	63	65	72	73	74	75	64	
85	86	87	88	95	96	98	97	
70	71	80	81	91	92	90	
formed clusters after phase II is: 
1	10	12	20	0	
5	6	16	17	26	7	
8	18	19	28	9	
29	38	49	39	
30	31	50	51	40	
53	44	
67	76	77	66	
59	68	69	78	79	
82	93	83	
75	84	85	86	94	
89	99	
2	3	13	14	15	4	
24	34	35	25	
11	21	22	23	33	41	42	43	52	32	
27	36	37	45	46	48	56	57	58	47	
60	72	61	
54	55	62	63	65	73	74	64	
87	88	95	96	98	97	
70	71	80	81	91	92	90	
Now, after clarification, the number of all nodes involved is 100
-----------------1---------------
--------------2-------------------
--------------3-------------------
--------------3-------------------
--------------3-------------------
seed is 15

void computeDistance() is OK

xxxxx
xxxxx
xxxxx
xxxxx
the number of all nodes involved is 150
the sum of ai on all nodes after phaseI is 10000000
formed clusters after phase I is: 
1	10	11	0	
4	5	7	15	16	6	
20	21	31	32	40	41	42	30	
50	61	70	71	80	81	60	
80	81	91	92	90	
78	79	88	89	97	98	99	
14	15	23	24	25	33	34	35	
54	55	64	74	65	
46	47	56	57	66	
1	2	3	11	13	22	23	12	
25	26	27	37	46	47	56	36	
24	33	34	43	53	54	55	44	
47	48	49	57	59	67	68	69	77	78	58	
52	53	61	62	63	64	71	73	74	82	72	
76	83	84	86	87	94	95	96	85	
7	8	9	16	18	19	27	28	37	38	17	
19	27	28	29	38	48	49	39	
31	32	40	41	42	43	50	52	53	61	62	63	51	
82	83	84	91	92	94	95	93	
formed clusters after phase II is: 
1	10	0	
4	5	7	16	6	
20	21	30	
61	70	71	81	60	
80	91	92	90	
78	79	88	89	97	98	99	
14	15	35	
65	
66	
2	3	11	13	22	23	12	
25	26	46	56	36	
24	33	34	54	55	44	
47	57	59	67	68	69	77	58	
53	63	64	73	74	72	
76	86	87	95	96	85	
8	9	18	27	37	17	
19	28	29	38	48	49	39	
31	32	40	41	42	43	50	52	62	51	
82	83	84	94	93	
Now, after clarification, the number of all nodes involved is 98
-----------------1---------------
--------------2-------------------
--------------3-------------------
--------------3-------------------
--------------3-------------------
seed is 16

void computeDistance() is OK

xxxxx
xxxxx
xxxxx
xxxxx
the number of all nodes involved is 173
the sum of ai on all nodes after phaseI is 10000000
formed clusters after phase I is: 
1	10	11	20	0	
1	2	4	5	13	3	
4	5	7	15	16	17	6	
7	8	18	19	9	
20	21	31	32	40	41	30	
18	19	28	29	38	48	49	39	
48	49	58	68	69	78	79	59	
40	50	51	61	70	71	60	
54	55	56	64	66	67	74	75	76	77	86	65	
52	53	61	62	63	71	73	74	81	82	72	
70	71	81	90	80	
88	89	98	99	
25	26	34	35	36	37	45	47	55	56	57	46	
81	82	90	92	93	91	
85	86	87	94	95	97	96	
13	14	15	22	23	25	26	33	34	35	43	44	45	24	
7	16	17	18	26	28	29	36	37	38	48	27	
63	73	74	82	84	92	93	94	95	83	
1	2	10	11	13	20	21	22	23	31	32	12	
21	22	23	31	32	33	34	40	41	43	44	51	52	53	42	
formed clusters after phase II is: 
1	10	11	0	
2	3	
4	5	15	16	6	
7	8	18	19	9	
30	
28	29	38	48	49	39	
58	68	69	78	79	59	
50	60	
54	56	64	66	67	75	76	77	65	
61	62	72	
70	71	80	
88	89	98	99	
25	35	45	47	55	57	46	
81	90	92	93	91	
85	86	87	95	97	96	
14	24	
17	26	36	37	27	
63	73	74	82	84	94	83	
13	20	21	22	23	31	32	12	
33	34	40	41	43	44	51	52	53	42	
Now, after clarification, the number of all nodes involved is 100
-----------------1---------------
--------------2-------------------
--------------3-------------------
--------------3-------------------
--------------3-------------------
seed is 17

void computeDistance() is OK

xxxxx
xxxxx
xxxxx
the number of all nodes involved is 175
the sum of ai on all nodes after phaseI is 10000000
formed clusters after phase I is: 
0	2	10	11	12	21	1	
4	6	7	13	14	15	5	
8	9	18	29	19	
0	10	11	21	30	31	20	
28	29	38	48	49	39	
40	41	42	50	52	60	61	51	
44	45	46	47	54	56	57	64	65	66	67	76	55	
49	58	68	69	79	59	
43	52	53	54	61	63	64	72	73	62	
60	61	71	80	70	
71	80	81	82	91	92	90	
82	83	84	85	92	94	95	93	
88	89	97	98	99	
21	22	23	30	31	33	41	42	43	32	
23	24	25	26	33	35	36	43	44	45	53	54	34	
63	64	65	66	73	75	76	84	85	94	74	
66	67	68	76	78	86	87	88	89	96	97	77	
2	4	12	13	14	22	23	24	3	
6	7	8	9	15	16	18	26	27	28	29	17	
16	25	26	27	28	35	36	38	46	47	48	56	57	37	
formed clusters after phase II is: 
0	2	10	11	12	1	
4	13	14	5	
8	9	18	29	19	
21	30	20	
38	48	39	
40	41	50	52	51	
56	55	
49	58	69	79	59	
72	62	
60	61	70	
71	80	81	82	91	92	90	
83	84	85	94	95	93	
89	98	99	
23	31	33	42	43	32	
44	45	53	54	34	
63	64	65	73	75	74	
66	67	68	76	78	86	87	88	96	97	77	
22	24	3	
6	7	15	16	26	27	28	17	
25	35	36	46	47	57	37	
Now, after clarification, the number of all nodes involved is 100
-----------------1---------------
--------------2-------------------
--------------3-------------------
--------------3-------------------
--------------3-------------------
seed is 18

void computeDistance() is OK

xxxxx
xxxxx
xxxxx
xxxxx
xxxxx
xxxxx
the number of all nodes involved is 156
the sum of ai on all nodes after phaseI is 10000000
formed clusters after phase I is: 
1	10	11	0	
7	8	18	19	28	9	
20	21	31	40	41	30	
40	41	51	60	61	70	50	
68	69	78	88	89	79	
80	91	90	
82	91	93	92	
24	25	33	34	43	35	
59	66	68	69	77	78	67	
66	74	76	85	86	75	
3	12	13	14	21	22	24	32	33	34	43	23	
16	17	18	25	26	28	38	27	
39	48	49	59	68	69	78	58	
52	53	62	64	73	74	83	84	63	
1	3	4	11	12	13	2	
5	7	15	16	17	26	6	
18	19	28	38	39	48	49	29	
31	32	33	40	41	43	51	52	53	61	62	42	
60	61	62	70	71	73	81	82	83	93	72	
83	84	85	93	95	94	
85	86	87	95	97	98	96	
87	88	89	97	98	99	
formed clusters after phase II is: 
10	0	
7	8	18	19	28	9	
20	21	31	30	
50	
68	69	78	88	79	
80	91	90	
82	92	
25	35	
77	67	
66	76	75	
13	14	22	24	34	23	
26	27	
48	59	58	
64	74	63	
1	3	4	11	12	2	
5	15	16	17	6	
38	39	49	29	
32	33	40	41	43	51	52	53	42	
60	61	62	70	71	73	81	83	72	
84	85	93	94	
86	87	95	96	
89	97	98	99	
Now, after clarification, the number of all nodes involved is 89
-----------------1---------------
--------------2-------------------
--------------3-------------------
--------------3-------------------
--------------3-------------------
seed is 19

void computeDistance() is OK

xxxxx
xxxxx
xxxxx
xxxxx
the number of all nodes involved is 164
the sum of ai on all nodes after phaseI is 10000000
formed clusters after phase I is: 
3	5	13	14	15	4	
8	18	19	9	
0	1	11	20	10	
21	22	23	24	25	32	34	35	41	42	43	44	33	
29	38	49	39	
41	42	43	51	53	54	61	62	63	71	52	
54	55	56	57	64	66	67	74	75	76	65	
58	59	68	78	79	69	
51	60	61	71	80	81	70	
80	81	91	90	
77	86	87	88	96	98	97	
89	98	99	
0	1	3	11	12	13	22	2	
17	25	26	27	34	35	37	44	45	46	57	36	
30	31	41	42	50	51	61	40	
73	74	83	84	85	92	94	95	93	
5	7	8	15	16	17	18	26	27	6	
37	38	46	48	49	56	57	58	59	66	67	47	
60	61	62	63	71	73	81	82	83	84	91	92	72	
7	16	17	18	19	26	27	29	37	38	28	
formed clusters after phase II is: 
14	4	
8	19	9	
0	1	11	20	10	
21	23	24	32	44	33	
29	38	49	39	
42	43	53	52	
54	55	64	74	75	76	65	
59	68	78	79	69	
70	
80	81	91	90	
77	86	87	88	96	98	97	
89	99	
3	12	13	22	2	
25	34	35	37	45	36	
30	31	41	50	51	61	40	
84	85	92	94	95	93	
5	7	15	16	17	26	27	6	
46	48	56	57	58	66	67	47	
60	62	63	71	73	82	83	72	
18	28	
Now, after clarification, the number of all nodes involved is 100
-----------------1---------------
--------------2-------------------
--------------3-------------------
--------------3-------------------
--------------3-------------------
seed is 20

void computeDistance() is OK

xxxxx
xxxxx
xxxxx
xxxxx
xxxxx
xxxxx
the number of all nodes involved is 177
the sum of ai on all nodes after phaseI is 10000000
formed clusters after phase I is: 
1	10	11	20	0	
1	2	4	5	13	3	
5	6	8	16	17	18	7	
8	19	9	
19	28	29	38	48	49	39	
40	41	51	60	61	50	
48	49	58	68	69	59	
80	81	91	90	
83	84	92	94	95	93	
79	88	89	98	99	
23	24	32	42	43	33	
43	45	53	54	55	44	
1	2	4	10	11	13	21	22	23	12	
14	15	25	26	36	45	35	
53	54	55	62	63	65	73	74	75	83	64	
17	18	26	28	29	36	37	38	46	47	27	
10	20	21	22	31	32	40	41	30	
60	61	62	71	72	80	81	82	70	
74	75	76	83	84	86	87	94	95	96	85	
31	40	41	42	51	53	60	61	62	72	52	
36	45	46	47	54	55	57	65	66	75	76	56	
77	86	87	88	95	96	98	97	
57	58	66	68	69	76	77	78	87	88	67	
formed clusters after phase II is: 
1	10	11	20	0	
2	4	5	3	
6	16	17	7	
8	9	
19	29	38	39	
50	
48	49	59	
91	90	
92	93	
79	89	99	
24	33	
43	44	
13	22	23	12	
14	15	25	35	
53	63	73	64	
18	26	28	37	27	
21	32	30	
60	61	62	71	72	80	81	82	70	
74	83	84	86	94	95	85	
31	40	41	42	51	52	
36	45	46	47	54	55	57	65	66	75	56	
77	88	96	98	97	
58	68	69	76	78	87	67	
Now, after clarification, the number of all nodes involved is 99
-----------------1---------------
--------------2-------------------
--------------3-------------------
--------------3-------------------
--------------3-------------------
seed is 21

void computeDistance() is OK

xxxxx
xxxxx
xxxxx
xxxxx
xxxxx
xxxxx
the number of all nodes involved is 166
the sum of ai on all nodes after phaseI is 10000000
formed clusters after phase I is: 
2	4	12	13	3	
4	6	14	15	16	24	25	5	
7	8	18	19	9	
0	1	11	20	10	
11	20	31	40	41	30	
29	39	48	58	59	49	
68	69	78	89	79	
70	81	90	91	80	
73	74	82	83	84	92	94	93	
88	89	99	
40	41	51	52	60	61	62	71	50	
52	53	62	71	72	73	74	81	83	63	
66	74	76	85	86	75	
44	45	46	53	54	56	55	
84	85	86	87	94	96	97	95	
15	25	26	34	36	37	44	45	46	56	35	
7	15	16	17	18	26	28	29	36	37	38	47	27	
23	31	32	33	34	41	42	44	53	54	43	
37	46	47	48	56	58	59	66	67	68	69	57	
2	11	12	13	21	23	31	32	33	22	
66	67	68	76	78	86	87	88	89	96	97	98	77	
formed clusters after phase II is: 
3	
4	6	14	24	5	
7	8	18	19	9	
0	1	10	
20	40	41	30	
39	48	49	
68	69	78	79	
70	81	90	91	80	
74	82	83	84	92	94	93	
88	89	99	
51	52	60	61	62	50	
71	72	73	63	
75	
55	
85	86	96	97	95	
15	25	34	36	44	45	35	
16	17	26	28	29	38	27	
42	53	54	43	
37	46	47	56	58	59	67	57	
2	11	12	13	21	23	31	32	33	22	
66	76	87	98	77	
Now, after clarification, the number of all nodes involved is 98
-----------------1---------------
--------------2-------------------
--------------3-------------------
--------------3-------------------
--------------3-------------------
seed is 22

void computeDistance() is OK

xxxxx
xxxxx
xxxxx
xxxxx
xxxxx
the number of all nodes involved is 144
the sum of ai on all nodes after phaseI is 10000000
formed clusters after phase I is: 
7	9	17	18	28	8	
19	28	29	38	49	39	
78	79	88	98	99	89	
70	80	91	90	
74	83	84	92	94	93	
76	86	87	95	97	98	96	
1	0	
40	41	51	30	
44	45	52	53	54	55	43	
56	57	58	66	67	68	75	76	78	86	87	77	
61	62	70	71	72	73	80	81	83	92	82	
1	3	13	2	
40	41	50	51	52	53	61	62	63	42	
48	49	57	58	59	67	68	78	79	69	
64	65	73	74	75	76	83	84	86	94	95	85	
3	4	5	13	14	24	25	23	
40	50	51	61	70	71	72	80	60	
4	5	7	14	15	16	17	24	25	6	
15	16	25	27	35	36	37	46	47	26	
formed clusters after phase II is: 
9	18	8	
19	28	29	38	49	39	
79	88	99	89	
91	90	
74	83	84	92	94	93	
97	98	96	
1	0	
30	
44	45	52	53	54	55	43	
56	66	67	87	77	
62	81	82	
3	13	2	
41	63	42	
48	57	58	59	68	78	69	
64	65	73	75	76	86	95	85	
23	
40	50	51	61	70	71	72	80	60	
4	5	7	14	15	16	17	24	25	6	
27	35	36	37	46	47	26	
Now, after clarification, the number of all nodes involved is 90
-----------------1---------------
--------------2-------------------
--------------3-------------------
--------------3-------------------
--------------3-------------------
seed is 23

void computeDistance() is OK

xxxxx
xxxxx
xxxxx
the number of all nodes involved is 185
the sum of ai on all nodes after phaseI is 10000000
formed clusters after phase I is: 
1	2	10	11	0	
4	6	7	15	16	17	5	
7	8	18	19	9	
20	21	31	40	41	30	
25	34	35	36	37	43	44	46	54	55	56	45	
28	36	37	38	39	46	48	49	57	58	47	
40	41	42	50	51	53	60	61	62	72	52	
38	48	49	58	68	69	59	
68	69	78	88	89	99	79	
75	76	77	85	87	96	97	98	86	
80	81	91	90	
75	84	85	93	94	96	95	
6	7	8	15	16	17	18	25	27	36	37	26	
18	19	27	28	38	39	49	29	
12	13	14	21	22	23	24	31	32	34	35	42	43	44	33	
53	54	61	62	64	72	73	74	75	84	63	
48	56	57	58	66	68	69	77	78	67	
50	60	61	71	80	81	70	
71	72	73	80	81	82	83	91	93	92	
1	2	4	11	12	13	14	22	23	3	
54	55	56	64	66	74	75	76	84	85	65	
formed clusters after phase II is: 
1	2	10	11	0	
6	15	16	17	5	
7	8	18	19	9	
20	21	31	40	41	30	
45	
46	47	
42	50	51	53	60	52	
49	59	
78	88	89	99	79	
87	96	97	98	86	
90	
94	95	
25	27	36	37	26	
28	38	39	29	
14	24	32	34	35	43	44	33	
62	63	
48	57	58	66	68	69	77	67	
61	70	
71	72	73	80	81	82	83	91	93	92	
4	12	13	22	23	3	
54	55	56	64	74	75	76	84	85	65	
Now, after clarification, the number of all nodes involved is 100
-----------------1---------------
--------------2-------------------
--------------3-------------------
--------------3-------------------
--------------3-------------------
seed is 24

void computeDistance() is OK

xxxxx
xxxxx
xxxxx
xxxxx
the number of all nodes involved is 186
the sum of ai on all nodes after phaseI is 10000000
formed clusters after phase I is: 
0	2	12	1	
7	8	18	19	28	9	
6	8	16	17	25	26	28	35	36	37	38	47	27	
28	29	37	38	49	39	
41	42	43	51	53	54	61	62	63	72	52	
48	49	58	68	69	59	
83	84	85	93	95	94	
88	89	97	98	99	
3	4	6	13	14	15	16	25	26	5	
0	11	20	21	30	31	10	
24	33	34	35	36	43	45	53	54	56	44	
30	40	41	51	60	61	50	
54	62	63	64	72	74	75	83	84	85	93	73	
58	67	68	69	77	79	87	88	89	78	
71	80	81	82	83	90	91	93	92	
76	77	85	86	87	95	97	98	96	
2	3	12	13	14	22	24	25	33	34	23	
11	20	21	22	30	31	33	40	41	42	32	
45	46	54	55	56	64	66	74	75	76	65	
60	61	71	80	81	82	90	91	70	
38	46	47	48	55	56	58	66	67	68	69	57	
formed clusters after phase II is: 
0	2	12	1	
7	8	18	19	28	9	
17	35	36	37	27	
29	39	
61	52	
49	59	
83	84	93	94	
89	98	99	
3	4	6	13	15	16	25	26	5	
11	20	30	10	
34	43	45	53	44	
51	50	
62	63	72	73	
79	88	78	
92	
77	85	86	87	95	97	96	
14	24	23	
21	22	31	33	40	41	42	32	
54	55	56	64	66	74	75	76	65	
60	71	80	81	82	90	91	70	
38	46	47	48	58	67	68	69	57	
Now, after clarification, the number of all nodes involved is 100
-----------------1---------------
--------------2-------------------
--------------3-------------------
--------------3-------------------
--------------3-------------------
seed is 25

void computeDistance() is OK

xxxxx
xxxxx
xxxxx
xxxxx
xxxxx
xxxxx
xxxxx
the number of all nodes involved is 169
the sum of ai on all nodes after phaseI is 10000000
formed clusters after phase I is: 
1	10	11	0	
4	5	7	15	16	17	6	
7	8	17	18	19	28	9	
58	59	68	78	79	88	89	69	
70	80	81	91	90	
85	86	87	95	96	98	97	
78	79	87	88	89	98	99	
1	3	4	11	12	13	14	22	2	
30	40	50	41	
29	38	39	47	48	57	58	59	68	49	
32	33	42	44	43	
30	40	50	60	61	51	
3	4	12	13	14	15	22	24	33	34	23	
11	20	21	22	30	40	31	
53	54	62	64	72	73	74	63	
44	45	46	53	54	56	64	65	66	55	
62	71	72	73	81	83	84	91	92	93	82	
15	24	25	26	34	36	37	45	46	35	
56	65	66	67	75	77	85	86	87	95	76	
75	84	85	86	93	95	96	94	
7	8	17	18	19	26	28	29	36	37	38	39	47	27	
formed clusters after phase II is: 
10	0	
4	5	16	6	
7	8	17	18	19	28	9	
59	68	78	69	
70	80	81	91	90	
85	86	87	95	96	97	
79	88	89	98	99	
1	3	11	12	14	22	2	
41	
47	48	57	58	49	
32	33	42	43	
50	60	61	51	
13	23	
20	21	30	40	31	
53	62	64	72	73	74	63	
44	54	55	
71	83	92	82	
15	24	25	34	45	46	35	
56	65	66	67	75	77	76	
84	93	94	
26	29	36	37	38	39	27	
Now, after clarification, the number of all nodes involved is 99
-----------------1---------------
--------------2-------------------
--------------3-------------------
--------------3-------------------
--------------3-------------------
seed is 26

void computeDistance() is OK

xxxxx
xxxxx
xxxxx
the number of all nodes involved is 171
the sum of ai on all nodes after phaseI is 10000000
formed clusters after phase I is: 
1	10	0	
5	7	15	16	17	26	6	
7	8	18	19	9	
10	11	21	30	31	40	20	
14	22	23	24	25	32	33	35	42	43	44	45	53	34	
29	38	48	49	59	39	
44	54	56	63	64	65	66	73	74	75	55	
80	81	82	90	92	91	
74	82	83	84	92	94	95	93	
85	86	87	95	97	96	
79	88	89	97	98	99	
1	2	3	10	11	13	21	22	23	12	
25	26	27	35	37	44	45	46	47	36	
30	31	40	41	51	52	60	61	50	
42	51	52	53	54	61	63	64	71	72	73	62	
57	58	59	67	68	78	79	88	89	69	
2	3	5	13	14	15	23	24	4	
8	17	18	19	26	27	29	37	38	28	
60	61	71	72	80	81	90	70	
56	57	65	66	67	68	75	76	78	85	86	87	88	77	
formed clusters after phase II is: 
1	0	
16	17	6	
7	8	18	19	9	
30	31	20	
24	32	33	42	43	53	34	
48	49	39	
55	
81	92	91	
74	82	83	84	94	95	93	
85	86	87	96	
79	88	89	97	98	99	
10	11	21	22	12	
25	26	35	37	44	45	46	47	36	
40	41	51	52	50	
54	63	64	73	62	
58	59	68	78	69	
2	3	5	13	14	15	23	4	
27	29	38	28	
60	61	71	72	80	90	70	
56	57	65	66	67	75	76	77	
Now, after clarification, the number of all nodes involved is 100
-----------------1---------------
--------------2-------------------
--------------3-------------------
--------------3-------------------
--------------3-------------------
seed is 27

void computeDistance() is OK

xxxxx
xxxxx
the number of all nodes involved is 155
the sum of ai on all nodes after phaseI is 10000000
formed clusters after phase I is: 
1	10	11	20	0	
1	3	11	12	2	
3	5	13	14	4	
7	9	18	19	8	
13	14	15	16	23	25	26	33	34	35	36	24	
28	29	38	49	39	
29	37	38	46	47	49	56	57	58	48	
30	40	41	51	60	61	71	50	
34	43	44	45	53	55	63	64	65	54	
58	68	69	59	
62	63	71	73	74	81	82	83	84	93	94	72	
70	80	81	82	91	92	90	
86	87	88	96	98	97	
79	88	89	98	99	
5	7	15	16	17	18	25	27	6	
10	11	20	22	30	31	32	41	21	
31	32	41	42	43	51	53	60	61	62	52	
46	47	55	56	57	58	66	68	76	77	67	
68	69	77	79	87	88	89	78	
75	84	85	86	93	94	96	95	
formed clusters after phase II is: 
0	
1	3	11	12	2	
13	14	4	
7	9	19	8	
23	26	33	35	36	24	
28	29	38	49	39	
37	46	47	56	57	58	48	
40	50	
34	44	45	53	55	63	64	65	54	
59	
62	71	73	74	83	93	72	
70	80	81	82	91	92	90	
87	97	
79	88	89	98	99	
5	15	16	17	18	25	27	6	
10	20	22	30	31	41	21	
32	42	43	51	60	61	52	
66	76	67	
68	69	77	78	
75	84	85	86	94	96	95	
Now, after clarification, the number of all nodes involved is 100
-----------------1---------------
--------------2-------------------
--------------3-------------------
--------------3-------------------
--------------3-------------------
seed is 28

void computeDistance() is OK

xxxxx
xxxxx
xxxxx
the number of all nodes involved is 175
the sum of ai on all nodes after phaseI is 10000000
formed clusters after phase I is: 
1	2	10	11	20	21	0	
2	4	5	12	13	14	23	3	
5	7	8	15	17	18	6	
7	8	17	18	19	29	9	
22	31	32	34	42	43	44	52	53	54	33	
34	35	36	44	46	53	54	55	65	45	
40	41	51	60	61	50	
55	56	57	65	67	75	76	77	78	85	86	66	
58	59	68	78	79	69	
70	80	81	82	91	90	
88	89	98	99	
4	5	14	15	16	17	24	26	35	25	
10	20	21	22	31	32	40	41	30	
28	29	38	48	49	59	39	
44	53	54	55	62	63	65	73	74	75	83	64	
85	86	87	95	97	98	96	
16	17	18	19	26	28	29	36	37	38	48	27	
36	37	38	46	48	49	56	57	58	59	67	47	
51	60	61	62	63	70	72	73	80	81	82	83	93	71	
74	83	85	92	93	94	95	84	
formed clusters after phase II is: 
1	10	11	20	21	0	
2	4	5	12	13	14	23	3	
7	8	15	6	
17	18	19	29	9	
34	42	43	52	33	
55	65	45	
40	60	50	
75	76	77	66	
68	78	79	69	
80	81	82	91	90	
88	89	99	
24	35	25	
22	31	32	41	30	
28	38	48	49	59	39	
44	53	54	73	64	
85	86	87	97	98	96	
16	26	37	27	
36	46	56	57	58	67	47	
51	61	62	63	70	72	71	
74	83	92	93	94	95	84	
Now, after clarification, the number of all nodes involved is 100
-----------------1---------------
--------------2-------------------
--------------3-------------------
--------------3-------------------
--------------3-------------------
seed is 29

void computeDistance() is OK

xxxxx
xxxxx
xxxxx
xxxxx
xxxxx
the number of all nodes involved is 166
the sum of ai on all nodes after phaseI is 10000000
formed clusters after phase I is: 
1	2	10	11	12	0	
5	7	15	16	17	18	26	27	6	
8	18	19	9	
19	28	39	49	29	
49	58	69	59	
50	51	61	70	71	60	
68	69	77	78	88	89	79	
83	84	85	86	93	94	96	95	
88	89	98	99	
43	53	62	63	64	54	
66	74	75	76	85	86	65	
81	82	83	84	90	91	93	94	92	
77	85	86	87	88	96	98	97	
14	23	24	25	35	45	34	
31	32	40	41	43	50	51	52	53	61	62	63	42	
62	63	64	72	74	82	83	84	73	
2	4	5	12	13	14	23	24	3	
10	20	21	31	40	41	30	
14	22	23	24	32	43	53	33	
45	46	47	48	57	66	67	76	56	
70	71	72	81	82	90	91	80	
15	17	25	26	27	35	37	38	45	46	47	48	36	
formed clusters after phase II is: 
1	2	10	11	12	0	
7	15	16	17	26	27	6	
8	18	19	9	
28	39	29	
49	58	69	59	
50	51	61	60	
68	77	78	79	
85	95	
89	98	99	
54	
74	75	65	
82	83	84	93	94	92	
86	87	88	96	97	
34	
32	43	52	53	62	63	42	
64	72	73	
4	5	13	14	23	24	3	
20	21	31	40	41	30	
22	33	
57	66	67	76	56	
70	71	81	90	91	80	
25	35	37	38	45	46	47	48	36	
Now, after clarification, the number of all nodes involved is 98
-----------------1---------------
--------------2-------------------
--------------3-------------------
--------------3-------------------
--------------3-------------------
seed is 30

void computeDistance() is OK

xxxxx
xxxxx
xxxxx
xxxxx
xxxxx
xxxxx
the number of all nodes involved is 150
the sum of ai on all nodes after phaseI is 10000000
formed clusters after phase I is: 
4	5	7	15	16	17	6	
7	9	17	18	8	
39	48	49	58	69	59	
54	64	66	74	75	76	65	
57	66	68	76	77	78	87	67	
76	85	87	95	96	97	86	
80	81	91	92	90	
78	79	88	89	98	99	
2	4	5	12	13	14	3	
9	18	28	29	38	39	19	
41	42	43	51	53	60	52	
50	51	60	80	70	
82	83	84	85	92	93	95	94	
22	23	24	32	34	35	41	42	43	44	33	
30	31	41	50	51	60	40	
44	54	63	64	72	73	74	62	
0	1	11	20	21	30	10	
35	36	44	45	46	47	54	56	66	55	
15	16	24	26	27	34	35	36	45	25	
26	27	28	36	38	39	47	48	49	57	58	37	
formed clusters after phase II is: 
7	15	16	6	
17	18	8	
48	49	58	69	59	
54	64	74	75	65	
66	68	76	77	78	87	67	
85	95	96	97	86	
80	81	91	90	
79	88	89	98	99	
2	4	5	12	13	14	3	
9	28	29	38	39	19	
42	43	53	52	
70	
82	83	84	92	93	94	
22	23	32	33	
30	31	41	50	51	60	40	
44	63	72	73	62	
0	1	11	20	21	10	
35	36	45	46	56	55	
24	34	25	
26	27	47	57	37	
Now, after clarification, the number of all nodes involved is 98
-----------------1---------------
--------------2-------------------
--------------3-------------------
--------------3-------------------
--------------3-------------------
seed is 31

void computeDistance() is OK

xxxxx
xxxxx
xxxxx
xxxxx
xxxxx
the number of all nodes involved is 140
the sum of ai on all nodes after phaseI is 10000000
formed clusters after phase I is: 
1	2	10	11	0	
4	5	7	14	15	16	17	6	
7	8	18	19	9	
12	13	14	22	24	33	34	23	
20	21	31	40	41	50	30	
50	51	61	70	60	
42	51	52	53	61	63	64	71	72	73	74	62	
74	75	84	86	94	95	96	85	
80	81	91	90	
79	88	89	97	98	99	
2	4	5	14	15	3	
11	12	20	21	22	31	33	40	41	42	52	32	
14	24	25	26	35	
29	39	49	
82	83	91	92	94	95	93	
46	47	48	57	37	
16	17	18	26	28	39	27	
43	44	46	53	54	55	56	65	45	
47	48	57	59	67	68	69	58	
66	67	68	75	76	78	86	87	88	77	
formed clusters after phase II is: 
1	2	10	0	
15	16	17	6	
7	8	18	19	9	
13	22	34	23	
20	21	31	40	50	30	
70	60	
42	51	52	53	61	63	64	71	72	73	62	
74	84	96	85	
80	81	90	
79	88	89	97	98	99	
4	5	14	3	
11	12	33	41	32	
24	25	35	
29	39	49	
82	83	91	92	94	95	93	
37	
26	28	27	
43	44	46	54	55	56	65	45	
47	48	57	59	68	69	58	
66	67	75	76	78	86	87	77	
Now, after clarification, the number of all nodes involved is 98
-----------------1---------------
--------------2-------------------
--------------3-------------------
--------------3-------------------
--------------3-------------------
seed is 32

void computeDistance() is OK

xxxxx
xxxxx
xxxxx
xxxxx
the number of all nodes involved is 140
the sum of ai on all nodes after phaseI is 10000000
formed clusters after phase I is: 
1	2	10	11	0	
3	5	6	12	13	14	4	
8	17	18	19	9	
18	19	28	39	49	29	
20	21	30	31	41	42	50	51	40	
37	38	39	47	49	58	59	48	
74	75	82	83	84	73	
70	80	81	91	90	
82	83	84	91	93	94	92	
93	94	95	
88	89	97	98	99	
5	6	7	14	15	17	25	26	27	16	
3	13	14	15	22	23	25	32	33	34	35	43	44	24	
52	53	61	70	71	72	62	
59	68	69	78	88	89	79	
74	75	76	86	87	96	97	85	
50	51	61	70	71	80	81	60	
53	54	55	64	65	74	75	63	
36	45	46	55	57	64	65	66	67	75	77	56	
formed clusters after phase II is: 
1	2	10	11	0	
3	12	13	14	4	
8	18	19	9	
28	29	
20	21	30	31	41	42	40	
37	38	39	47	49	58	59	48	
74	82	83	84	73	
70	80	81	91	90	
93	94	92	
95	
98	99	
5	6	7	15	17	25	26	27	16	
22	23	32	33	34	35	43	44	24	
52	53	61	71	72	62	
68	69	78	88	89	79	
76	86	87	96	97	85	
50	51	60	
54	63	
36	45	46	55	57	64	65	66	67	75	77	56	
Now, after clarification, the number of all nodes involved is 100
-----------------1---------------
--------------2-------------------
--------------3-------------------
--------------3-------------------
--------------3-------------------
seed is 33

void computeDistance() is OK

xxxxx
xxxxx
xxxxx
xxxxx
the number of all nodes involved is 172
the sum of ai on all nodes after phaseI is 10000000
formed clusters after phase I is: 
1	10	11	0	
1	3	11	12	13	2	
8	18	19	29	9	
28	29	38	47	48	49	39	
30	31	41	50	51	40	
48	49	57	58	68	69	59	
50	51	61	70	71	72	60	
42	43	52	53	54	55	62	64	74	63	
54	55	56	64	66	67	74	75	76	77	84	85	65	
70	80	81	91	92	90	
73	83	84	92	94	93	
79	88	89	97	98	99	
3	5	6	13	14	15	4	
1	10	11	12	21	30	31	20	
11	12	21	23	24	30	31	32	33	22	
23	24	25	33	35	36	42	43	44	45	53	34	
62	70	71	72	73	80	81	83	84	91	92	82	
85	86	87	94	96	97	95	
26	27	36	38	45	46	47	48	37	
57	58	67	68	69	77	79	87	88	89	98	78	
5	6	7	15	17	18	25	26	27	28	36	16	
formed clusters after phase II is: 
10	0	
1	2	
8	18	19	29	9	
38	49	39	
30	41	40	
59	
50	51	61	60	
52	63	
54	55	56	64	66	74	75	76	85	65	
80	81	91	92	90	
93	
79	89	97	99	
3	5	6	13	14	4	
11	12	21	31	20	
23	24	32	33	22	
35	42	43	44	45	53	34	
62	70	71	72	73	83	84	82	
86	94	96	95	
46	47	48	37	
57	58	67	68	69	77	87	88	98	78	
7	15	17	25	26	27	28	36	16	
Now, after clarification, the number of all nodes involved is 100
-----------------1---------------
--------------2-------------------
--------------3-------------------
--------------3-------------------
--------------3-------------------
seed is 34

void computeDistance() is OK

xxxxx
xxxxx
xxxxx
the number of all nodes involved is 193
the sum of ai on all nodes after phaseI is 10000000
formed clusters after phase I is: 
1	10	11	0	
5	7	16	17	6	
8	17	18	19	29	9	
10	21	30	31	40	20	
25	34	35	36	44	46	54	55	56	57	65	45	
41	42	43	51	52	54	62	63	64	53	
38	48	49	58	68	69	59	
60	61	71	80	70	
61	62	63	71	73	82	83	91	72	
80	81	91	92	90	
82	83	84	85	92	94	95	93	
88	89	97	98	99	
2	4	5	12	13	14	3	
15	16	17	18	25	27	28	36	26	
12	13	21	22	23	31	33	41	42	43	32	
30	31	40	41	42	51	60	61	50	
46	47	55	56	57	58	64	65	67	68	75	76	86	66	
63	64	65	73	75	76	83	84	85	86	94	95	74	
4	5	13	14	15	16	22	23	25	33	34	35	36	44	24	
27	28	29	36	38	39	46	47	48	49	57	58	37	
67	68	69	77	78	88	89	98	79	
75	76	77	84	85	86	87	94	95	97	96	
formed clusters after phase II is: 
1	11	0	
7	16	17	6	
8	19	9	
10	30	31	20	
45	
43	52	54	64	53	
49	68	59	
71	70	
62	72	
80	81	91	92	90	
82	83	84	94	93	
99	
2	4	12	13	14	3	
18	26	
21	22	23	33	42	32	
40	41	51	60	61	50	
55	56	65	66	
63	73	74	
5	15	25	34	35	36	44	24	
27	28	29	38	39	46	47	48	57	58	37	
67	69	78	88	89	98	79	
75	76	77	85	86	87	95	97	96	
Now, after clarification, the number of all nodes involved is 100
-----------------1---------------
--------------2-------------------
--------------3-------------------
--------------3-------------------
--------------3-------------------
seed is 35

void computeDistance() is OK

xxxxx
xxxxx
xxxxx
xxxxx
the number of all nodes involved is 162
the sum of ai on all nodes after phaseI is 10000000
formed clusters after phase I is: 
1	10	11	12	0	
2	3	5	13	14	15	24	4	
7	8	18	19	9	
18	19	27	28	38	39	29	
40	51	61	50	
33	42	43	44	45	55	54	
45	46	47	55	57	65	66	67	76	56	
80	81	91	90	
74	75	83	84	85	92	93	95	96	94	
88	89	98	99	
13	14	21	22	24	32	33	34	35	43	44	45	23	
38	39	47	48	58	59	68	49	
42	43	52	62	63	64	73	53	
76	77	85	86	87	95	96	98	97	
5	6	14	15	16	17	24	26	34	35	36	45	25	
10	20	21	22	31	32	40	41	30	
51	61	62	70	71	80	81	60	
59	68	69	78	88	89	79	
62	71	72	80	81	83	91	92	93	82	
26	27	28	35	36	38	39	46	47	48	57	58	37	
formed clusters after phase II is: 
1	10	11	12	0	
2	3	13	14	24	4	
7	8	19	9	
18	27	28	38	39	29	
50	
54	
55	65	66	67	56	
80	90	
74	75	83	84	92	93	94	
99	
33	44	23	
59	49	
42	43	52	63	64	73	53	
76	77	85	86	87	95	96	98	97	
5	6	15	16	17	34	45	25	
20	21	22	31	32	40	41	30	
51	61	62	70	71	81	60	
68	69	78	88	89	79	
72	91	82	
26	35	36	46	47	48	57	58	37	
Now, after clarification, the number of all nodes involved is 100
-----------------1---------------
--------------2-------------------
--------------3-------------------
--------------3-------------------
--------------3-------------------
seed is 36

void computeDistance() is OK

xxxxx
xxxxx
xxxxx
xxxxx
the number of all nodes involved is 179
the sum of ai on all nodes after phaseI is 10000000
formed clusters after phase I is: 
1	2	10	11	0	
3	4	6	14	15	16	5	
7	8	19	29	9	
20	21	30	31	41	50	51	40	
38	39	48	58	59	49	
45	46	56	64	65	66	55	
50	51	61	70	60	
70	71	81	90	80	
79	88	98	99	89	
81	82	83	91	93	92	
86	87	96	98	99	97	
6	14	15	16	24	26	35	36	25	
32	33	34	44	53	62	63	64	54	
37	45	46	47	48	56	58	65	66	67	68	57	
58	59	67	68	77	78	79	88	69	
63	64	65	73	75	83	84	85	95	74	
84	85	86	93	95	96	94	
16	17	18	19	26	28	36	37	38	39	47	27	
23	31	32	33	34	41	43	44	51	52	53	62	42	
61	62	63	71	73	81	82	83	84	72	
56	65	66	67	75	77	78	85	86	87	88	96	76	
2	3	4	12	14	15	22	23	24	13	
formed clusters after phase II is: 
1	10	11	0	
6	5	
7	8	19	29	9	
20	21	30	31	41	40	
38	39	49	
55	
50	51	61	70	60	
90	80	
89	
81	82	91	93	92	
87	98	99	97	
35	25	
33	54	
45	46	47	48	57	
58	59	67	68	77	78	79	88	69	
63	64	65	73	83	84	74	
85	86	95	96	94	
16	17	18	26	28	36	37	27	
32	34	43	44	52	53	62	42	
71	72	
56	66	75	76	
2	3	4	12	14	15	22	23	24	13	
Now, after clarification, the number of all nodes involved is 100
-----------------1---------------
--------------2-------------------
--------------3-------------------
--------------3-------------------
--------------3-------------------
seed is 37

void computeDistance() is OK

xxxxx
xxxxx
xxxxx
xxxxx
the number of all nodes involved is 157
the sum of ai on all nodes after phaseI is 10000000
formed clusters after phase I is: 
1	10	11	20	0	
4	6	7	15	16	5	
8	17	18	19	29	9	
29	38	47	48	49	59	39	
46	47	56	57	58	66	68	77	78	67	
58	59	68	78	79	89	69	
80	81	91	92	90	
85	86	87	95	97	96	
88	89	98	99	
1	3	4	11	12	13	2	
3	4	13	15	23	24	25	34	35	14	
20	21	22	31	32	40	41	42	50	30	
64	65	66	75	77	78	84	85	86	87	97	76	
73	74	75	83	84	85	93	95	94	
24	25	33	34	35	36	43	45	54	55	44	
40	41	50	51	61	62	70	60	
6	7	15	16	17	18	25	27	28	36	37	26	
33	41	42	43	51	53	54	61	62	63	52	
61	62	70	72	73	80	81	82	91	92	71	
formed clusters after phase II is: 
1	10	0	
6	7	16	5	
8	17	18	19	9	
29	38	47	48	49	59	39	
46	56	57	58	67	
68	79	69	
80	91	90	
86	87	97	96	
88	89	98	99	
3	4	11	12	13	2	
15	23	24	25	35	14	
20	21	22	31	32	40	30	
64	65	66	77	78	76	
74	75	83	84	85	93	95	94	
34	45	55	44	
41	50	51	61	62	70	60	
27	28	36	37	26	
33	42	43	53	54	63	52	
72	73	81	82	92	71	
Now, after clarification, the number of all nodes involved is 100
-----------------1---------------
--------------2-------------------
--------------3-------------------
--------------3-------------------
--------------3-------------------
seed is 38

void computeDistance() is OK

xxxxx
xxxxx
xxxxx
the number of all nodes involved is 156
the sum of ai on all nodes after phaseI is 10000000
formed clusters after phase I is: 
1	10	11	12	20	0	
3	4	6	7	15	16	17	25	26	5	
8	18	19	9	
2	3	22	23	24	14	
20	21	31	32	40	41	30	
13	21	22	23	24	31	32	34	42	43	44	53	33	
39	49	58	68	69	59	
52	53	54	62	64	72	73	74	63	
45	46	54	55	56	57	64	66	67	75	76	85	65	
68	69	77	78	88	89	79	
70	71	80	81	91	92	90	
74	82	83	84	85	93	95	94	
18	19	27	28	29	37	39	48	49	38	
27	36	37	46	48	56	57	58	68	47	
40	41	51	60	61	70	71	50	
78	87	88	89	97	98	99	
15	16	24	25	26	27	34	36	37	44	45	46	55	56	35	
75	76	77	85	87	95	96	97	98	86	
formed clusters after phase II is: 
1	10	11	12	0	
3	4	6	7	17	5	
8	19	9	
2	22	23	24	14	
20	21	31	32	30	
13	42	43	33	
39	49	58	68	59	
52	53	54	62	64	72	73	74	63	
66	67	65	
69	78	89	79	
70	71	80	81	91	92	90	
82	83	84	85	93	95	94	
18	27	28	29	38	
37	46	48	57	47	
40	41	51	60	61	50	
88	99	
15	16	25	26	34	36	44	45	55	56	35	
75	76	77	87	96	97	98	86	
Now, after clarification, the number of all nodes involved is 100
-----------------1---------------
--------------2-------------------
--------------3-------------------
--------------3-------------------
--------------3-------------------
seed is 39

void computeDistance() is OK

xxxxx
xxxxx
xxxxx
xxxxx
the number of all nodes involved is 169
the sum of ai on all nodes after phaseI is 10000000
formed clusters after phase I is: 
1	3	11	12	13	2	
4	5	7	14	15	16	6	
8	19	29	9	
0	11	20	21	30	10	
3	12	13	21	23	24	32	33	34	22	
26	27	35	37	36	
30	31	41	50	51	40	
33	34	35	42	43	45	53	54	55	63	44	
28	29	38	39	49	
32	41	42	43	51	53	54	61	62	63	52	
80	91	90	
88	89	97	98	99	
7	8	16	18	19	26	27	28	17	
4	5	13	14	15	16	23	24	26	34	35	25	
46	48	56	57	58	67	68	47	
50	51	61	70	71	80	81	60	
62	63	64	65	72	74	83	84	73	
72	82	83	91	93	94	92	
86	87	88	95	97	98	96	
58	68	69	79	59	
46	55	56	57	64	65	67	74	75	76	77	85	86	66	
58	67	68	69	77	79	87	88	89	98	78	
formed clusters after phase II is: 
1	3	11	12	13	2	
4	5	15	6	
8	19	9	
0	20	21	10	
23	24	32	33	34	22	
37	36	
30	31	41	50	51	40	
42	45	54	44	
28	29	38	39	49	
43	53	61	52	
80	90	
99	
7	16	18	26	27	17	
14	35	25	
46	48	47	
70	71	81	60	
62	63	64	65	74	84	73	
72	82	83	91	93	94	92	
86	87	88	95	97	98	96	
59	
55	56	57	75	76	85	66	
58	67	68	69	77	79	89	78	
Now, after clarification, the number of all nodes involved is 100
-----------------1---------------
--------------2-------------------
--------------3-------------------
--------------3-------------------
--------------3-------------------
seed is 40

void computeDistance() is OK

xxxxx
xxxxx
xxxxx
xxxxx
the number of all nodes involved is 174
the sum of ai on all nodes after phaseI is 10000000
formed clusters after phase I is: 
1	2	10	11	12	0	
7	8	17	18	19	29	9	
13	22	23	32	34	42	33	
29	38	48	49	39	
30	40	41	51	60	61	50	
71	80	81	91	92	90	
82	83	84	91	92	94	95	93	
79	89	97	98	99	
2	4	12	13	14	23	3	
10	11	21	22	30	31	40	20	
5	14	15	16	25	26	34	35	36	45	24	
34	35	42	44	45	52	53	54	43	
49	57	58	68	69	79	59	
60	61	62	71	72	80	81	70	
76	84	85	86	87	94	95	97	96	
5	7	8	14	15	16	17	18	25	26	27	28	6	
35	44	45	46	47	54	55	57	58	65	66	67	56	
16	17	18	25	26	27	28	35	36	38	45	46	47	48	37	
44	53	54	55	63	65	73	74	75	85	64	
57	66	67	68	76	78	79	87	88	89	98	77	
formed clusters after phase II is: 
1	2	12	0	
7	8	17	18	19	29	9	
22	32	33	
38	48	39	
41	51	50	
71	80	81	91	92	90	
82	83	94	93	
89	97	98	99	
4	13	23	3	
10	11	21	30	31	40	20	
24	
34	42	52	43	
49	57	58	68	69	79	59	
60	61	62	72	70	
76	84	85	86	87	95	96	
5	14	15	16	25	26	27	28	6	
44	56	
35	36	45	46	47	37	
53	54	55	63	65	73	74	75	64	
66	67	78	88	77	
Now, after clarification, the number of all nodes involved is 100
-----------------1---------------
--------------2-------------------
--------------3-------------------
--------------3-------------------
--------------3-------------------
seed is 41

void computeDistance() is OK

xxxxx
xxxxx
xxxxx
xxxxx
the number of all nodes involved is 154
the sum of ai on all nodes after phaseI is 10000000
formed clusters after phase I is: 
1	2	10	11	0	
5	7	15	16	17	6	
8	18	19	9	
45	46	47	48	54	55	65	66	56	
48	49	58	68	69	59	
52	53	61	62	64	71	72	73	74	83	63	
54	55	64	65	66	74	84	75	
67	77	78	85	86	87	97	76	
69	78	88	89	98	79	
80	81	91	90	
82	83	84	92	94	93	
88	89	97	98	99	
11	12	13	21	22	
13	14	25	34	35	36	24	
19	28	29	37	38	49	39	
52	53	54	55	64	43	
46	47	48	58	67	68	69	77	57	
85	86	94	96	95	
2	4	5	12	13	14	3	
15	16	17	25	27	28	35	36	37	38	46	47	26	
20	21	30	40	41	50	31	
40	41	50	52	60	61	62	70	71	51	
formed clusters after phase II is: 
1	2	10	11	0	
5	7	15	16	17	6	
8	18	9	
45	54	55	65	66	56	
48	49	59	
72	73	63	
74	75	
86	87	76	
69	78	88	89	98	79	
80	81	91	90	
82	83	84	92	94	93	
97	99	
21	22	
34	35	24	
19	28	29	37	38	39	
53	64	43	
46	47	58	67	68	77	57	
85	96	95	
4	12	13	14	3	
25	27	36	26	
20	30	31	
40	41	50	52	60	61	62	70	71	51	
Now, after clarification, the number of all nodes involved is 95
-----------------1---------------
--------------2-------------------
--------------3-------------------
--------------3-------------------
--------------3-------------------
seed is 42

void computeDistance() is OK

xxxxx
xxxxx
xxxxx
the number of all nodes involved is 154
the sum of ai on all nodes after phaseI is 10000000
formed clusters after phase I is: 
1	10	11	20	0	
1	3	4	11	12	13	2	
5	6	8	16	17	18	7	
8	18	19	9	
27	28	29	38	48	49	39	
30	31	41	50	51	40	
33	34	35	43	45	54	55	44	
80	81	91	90	
84	85	86	93	95	96	94	
79	88	89	98	99	
4	5	6	13	14	15	16	24	26	34	35	25	
27	37	38	45	46	47	48	55	56	57	36	
42	43	52	54	55	63	64	65	74	53	
48	49	58	68	69	59	
50	51	60	62	70	71	72	81	61	
72	73	81	83	84	91	92	93	82	
86	87	88	95	96	98	97	
21	22	23	31	33	34	41	42	43	52	32	
47	55	56	57	65	67	75	76	77	66	
58	67	68	69	77	79	88	89	78	
formed clusters after phase II is: 
1	10	20	0	
3	4	11	12	13	2	
5	6	16	17	7	
8	18	19	9	
27	28	29	38	49	39	
30	31	41	50	40	
44	
80	91	90	
84	85	93	95	96	94	
89	98	99	
14	15	24	26	35	25	
37	45	46	36	
54	55	63	64	65	74	53	
48	58	59	
51	60	62	70	71	61	
72	73	81	83	92	82	
86	87	97	
21	22	23	33	34	42	43	52	32	
47	56	57	75	76	66	
67	68	69	77	79	88	78	
Now, after clarification, the number of all nodes involved is 100
-----------------1---------------
--------------2-------------------
--------------3-------------------
--------------3-------------------
--------------3-------------------
seed is 43

void computeDistance() is OK

xxxxx
xxxxx
xxxxx
xxxxx
xxxxx
the number of all nodes involved is 158
the sum of ai on all nodes after phaseI is 10000000
formed clusters after phase I is: 
0	1	3	11	12	13	2	
7	8	17	18	19	9	
0	1	11	20	10	
11	20	22	23	30	31	32	33	41	42	21	
18	19	28	38	39	29	
42	51	52	53	60	61	63	71	72	73	62	
78	79	87	88	98	99	89	
81	82	90	91	93	92	
82	83	84	93	95	94	
85	86	87	95	97	96	
6	7	16	5	
14	23	24	34	25	
20	30	31	41	50	51	60	40	
60	61	71	80	81	90	70	
3	12	13	14	23	24	4	
34	43	53	54	55	64	65	44	
26	36	37	46	47	55	56	65	45	
54	63	64	65	66	73	75	76	83	84	85	74	
16	17	18	19	26	28	36	37	38	39	46	47	48	27	
46	47	48	49	56	58	59	66	67	68	69	77	57	
formed clusters after phase II is: 
11	2	
8	17	18	19	9	
0	1	10	
22	23	32	33	42	21	
39	29	
52	72	62	
78	79	87	88	98	99	89	
81	91	92	
82	83	93	95	94	
86	97	96	
6	7	16	5	
25	
20	30	31	41	50	51	40	
60	61	71	80	90	70	
3	12	13	14	24	4	
34	43	53	44	
55	45	
54	63	64	65	73	75	76	84	85	74	
26	28	36	37	38	48	27	
46	47	49	56	58	59	66	67	68	69	77	57	
Now, after clarification, the number of all nodes involved is 98
-----------------1---------------
--------------2-------------------
--------------3-------------------
--------------3-------------------
--------------3-------------------
seed is 44

void computeDistance() is OK

xxxxx
xxxxx
xxxxx
xxxxx
the number of all nodes involved is 133
the sum of ai on all nodes after phaseI is 10000000
formed clusters after phase I is: 
1	10	11	20	0	
5	7	15	16	17	6	
8	18	19	9	
30	31	41	42	50	51	40	
38	39	48	57	58	59	68	69	49	
69	78	79	88	99	89	
80	81	90	92	91	
87	88	97	99	98	
3	4	12	14	15	13	
15	16	26	36	37	46	25	
21	31	32	
50	51	52	61	62	70	71	72	80	81	60	
73	82	83	84	85	94	74	
66	76	77	85	86	87	75	
1	3	4	12	14	2	
36	37	46	47	48	57	66	67	56	
51	52	61	62	71	72	73	82	83	63	
85	86	93	94	96	97	95	
17	18	19	26	28	29	36	37	38	39	47	48	27	
formed clusters after phase II is: 
1	10	11	20	0	
5	7	6	
8	18	19	9	
30	41	42	40	
38	39	48	57	58	59	68	49	
69	78	79	89	
80	81	90	92	91	
88	97	99	98	
12	14	15	13	
16	25	
21	31	32	
50	70	60	
73	82	83	84	74	
76	77	86	87	75	
3	4	2	
36	46	66	67	56	
51	52	61	62	71	72	63	
85	93	94	96	95	
17	26	28	29	37	47	27	
Now, after clarification, the number of all nodes involved is 86
-----------------1---------------
--------------2-------------------
--------------3-------------------
--------------3-------------------
--------------3-------------------
seed is 45

void computeDistance() is OK

xxxxx
xxxxx
xxxxx
xxxxx
xxxxx
the number of all nodes involved is 182
the sum of ai on all nodes after phaseI is 10000000
formed clusters after phase I is: 
3	5	13	14	15	4	
5	6	8	16	17	18	7	
8	18	19	29	9	
23	32	33	34	41	42	43	
58	59	68	78	79	89	69	
80	81	82	90	91	93	92	
73	83	84	85	93	95	94	
78	79	89	98	99	
30	31	41	42	50	51	60	40	
35	45	53	54	55	63	64	44	
28	38	39	47	48	58	59	49	
42	50	51	53	61	62	63	72	52	
85	86	87	95	97	98	96	
0	10	11	21	30	31	20	
1	2	10	11	12	13	21	23	30	31	32	33	22	
5	13	14	15	16	23	25	26	34	35	24	
50	51	60	61	71	80	81	90	70	
53	54	55	63	64	65	66	73	75	76	83	84	85	74	
35	36	37	45	47	54	55	56	57	65	66	46	
16	17	18	25	26	28	36	37	38	47	48	27	
56	57	58	65	66	68	75	76	77	86	87	88	67	
formed clusters after phase II is: 
3	5	13	14	4	
6	7	
8	19	29	9	
43	
69	
82	91	93	92	
73	83	84	85	94	
78	79	89	98	99	
41	42	40	
44	
39	58	59	49	
62	72	52	
86	87	95	97	96	
0	10	11	21	30	31	20	
1	2	12	23	32	33	22	
15	34	24	
50	51	60	61	71	80	81	90	70	
53	63	64	74	
35	45	54	55	46	
16	17	18	25	26	28	36	37	38	47	48	27	
56	57	65	66	68	75	76	77	88	67	
Now, after clarification, the number of all nodes involved is 100
-----------------1---------------
--------------2-------------------
--------------3-------------------
--------------3-------------------
--------------3-------------------
seed is 46

void computeDistance() is OK

xxxxx
xxxxx
xxxxx
the number of all nodes involved is 158
the sum of ai on all nodes after phaseI is 10000000
formed clusters after phase I is: 
0	2	10	11	1	
4	6	7	14	15	16	24	25	5	
18	19	28	38	39	49	29	
13	22	23	34	35	44	45	54	33	
16	26	27	28	35	37	38	46	47	48	36	
40	41	51	52	60	61	71	72	50	
55	56	64	66	67	74	75	76	65	
59	68	69	77	78	89	79	
81	82	83	90	91	93	92	
88	89	98	99	
2	4	12	13	14	22	23	3	
7	9	17	18	19	28	8	
20	21	31	32	40	41	42	51	30	
44	52	53	54	61	64	43	
47	48	49	56	57	59	67	68	69	58	
60	70	71	81	90	91	80	
73	74	75	82	83	85	93	94	95	84	
52	53	54	61	63	64	71	72	73	81	82	83	62	
75	76	77	85	87	88	95	96	97	86	
formed clusters after phase II is: 
0	2	10	11	1	
6	7	14	15	16	24	25	5	
39	29	
34	45	33	
26	27	35	37	38	46	36	
50	
55	64	66	76	65	
59	68	69	77	78	79	
81	82	83	90	91	93	92	
88	89	98	99	
4	12	13	22	23	3	
9	17	18	19	28	8	
20	21	31	32	40	41	42	51	30	
44	52	53	54	61	43	
47	48	49	56	57	67	58	
60	70	80	
73	74	75	85	94	95	84	
63	71	72	62	
87	96	97	86	
Now, after clarification, the number of all nodes involved is 100
-----------------1---------------
--------------2-------------------
--------------3-------------------
--------------3-------------------
--------------3-------------------
seed is 47

void computeDistance() is OK

xxxxx
xxxxx
xxxxx
xxxxx
the number of all nodes involved is 169
the sum of ai on all nodes after phaseI is 10000000
formed clusters after phase I is: 
1	10	11	0	
1	2	4	11	12	13	3	
5	7	8	16	17	18	6	
8	18	19	9	
2	11	12	20	22	23	30	31	32	21	
28	29	38	49	39	
45	46	53	54	56	57	65	66	75	55	
40	50	51	61	70	80	60	
59	68	78	79	89	69	
70	80	81	91	90	
83	84	85	92	93	94	
76	84	85	86	96	97	95	
25	26	35	37	44	45	47	36	
22	23	32	33	34	42	44	45	43	
37	38	46	47	49	56	57	58	59	67	68	48	
63	64	72	73	75	76	83	84	85	86	93	74	
77	78	87	89	96	97	98	99	88	
4	5	13	15	16	24	25	26	34	14	
16	17	18	25	26	28	35	37	38	47	27	
51	52	61	63	64	71	72	73	82	62	
20	30	31	32	40	42	50	51	52	41	
formed clusters after phase II is: 
10	0	
1	2	4	11	3	
5	7	17	6	
8	18	19	9	
12	22	23	21	
28	29	49	39	
46	53	54	56	57	65	66	55	
51	60	
59	68	79	89	69	
70	80	81	91	90	
83	84	85	92	93	94	
76	86	95	
37	47	36	
33	44	45	43	
58	67	48	
75	74	
77	78	87	96	97	98	99	88	
13	15	16	24	25	26	34	14	
35	38	27	
61	63	64	71	72	73	82	62	
20	30	31	32	40	42	50	52	41	
Now, after clarification, the number of all nodes involved is 100
-----------------1---------------
--------------2-------------------
--------------3-------------------
--------------3-------------------
--------------3-------------------
seed is 48

void computeDistance() is OK

xxxxx
xxxxx
xxxxx
xxxxx
the number of all nodes involved is 190
the sum of ai on all nodes after phaseI is 10000000
formed clusters after phase I is: 
1	10	0	
1	3	11	12	13	21	22	23	2	
3	5	13	14	15	23	4	
7	8	17	18	19	28	9	
28	29	38	48	49	59	39	
30	41	50	51	60	40	
24	33	34	35	42	43	45	53	54	55	44	
58	59	68	78	79	69	
80	81	82	91	90	
84	85	93	95	94	
79	87	88	89	98	99	
5	7	8	15	16	17	6	
10	11	21	22	30	31	20	
22	30	31	33	41	42	43	51	52	53	32	
34	35	36	37	45	46	47	54	55	57	65	66	67	56	
52	53	54	62	64	65	72	73	74	83	63	
72	81	82	83	91	93	92	
76	77	86	87	88	89	96	98	97	
5	14	15	16	24	26	34	35	36	37	45	46	25	
41	43	50	51	52	53	60	62	70	71	72	73	61	
64	65	66	67	74	76	77	84	85	86	95	75	
8	16	17	18	19	26	28	29	36	37	38	47	48	27	
formed clusters after phase II is: 
0	
1	12	2	
3	13	14	23	4	
8	18	19	9	
28	29	38	48	49	39	
50	60	40	
44	
58	59	68	78	79	69	
80	81	91	90	
84	93	95	94	
89	99	
5	7	15	16	17	6	
10	11	21	30	31	20	
22	33	41	42	43	53	32	
34	35	36	37	45	46	55	57	56	
54	63	
72	82	83	92	
76	77	86	87	88	96	98	97	
24	26	25	
51	52	62	70	71	73	61	
64	65	66	67	74	85	75	
47	27	
Now, after clarification, the number of all nodes involved is 100
-----------------1---------------
--------------2-------------------
--------------3-------------------
--------------3-------------------
--------------3-------------------
seed is 49

 final output of ROSS is:
average_CCC(size>1) = 2.88537
average_CCC(size>=1) = 2.88081
average_OCC = 0
number_clusters = 20.44
CI of number_clusters = 0.350615
average_size = 4.83629
average number of channels per node = 3.04
CI of average cluster size(size>1) = 0.248008
CI of average cluster size(size>=1) = 0.279679
CI of average_CCC (size>1)0.278751
CI of average_CCC (size>=1)0.279679
CI of average_OCC = 0
Average of products of size and number of ICC in the network is 271.18
CI of products of size and number of ICC in the network is 13.5011
average number of neighbors over 50 runs =9.4932
average percentage of overlapping nodes is = 0.5406
CI of percentage of overlapping nodes is 0
Average Number of claiming clusters is = 1.11179
CI of average number of claiming clusters is 0.0655646
Number of control messages in greedy phase is 0

---------only data bellow-----:
2.88537
2.88081
0
20.44
0.350615
4.83629
3.04
0.248008
0.279679
0.278751
0.279679
0
271.18
13.5011
9.4932
0.5406
0
2.22359
0.0655646
0
//output the number of nodes grouped into clusters with certain size
0
1.24
4.28
8.82
12.72
17.9
15.6
16.24
9.12
6.3
4
1.32
0.72
0.26


